1 0 91 0
2 0 2 0
3 4 8 2
4 10 26 3
5 0 7 0
6 9 9 5
7 2 2 0
8 0 1 0
9 3 3 8
10 0 0 0
11 9 9 0
12 0 1 0
13 3 6 12
14 8 33 13
15 0 91 0
16 1 3 0
17 5 13 16
18 15 21 17
19 0 0 0
20 0 23 0
21 25 45 20
22 47 58 21
23 60 70 22
24 72 79 23
25 0 2 0
26 4 6 25
27 8 13 26
28 15 21 27
29 1 1 0
30 8 8 0
31 1 1 0
32 1 7 0
33 9 15 32
34 17 25 33
35 0 79 0
36 0 91 0
37 0 10 0
38 12 28 37
39 30 30 38
40 0 91 0
41 0 0 0
42 0 91 0
43 0 1 0
44 3 4 43
45 19 19 0
46 1 1 0
47 1 9 0
48 31 31 0
49 1 13 0
50 15 21 49
51 2 2 0
52 0 0 0
53 0 22 0
54 24 27 53
55 29 35 54
56 0 9 0
57 11 13 56
58 15 22 57
59 24 27 58
60 0 0 0
61 0 2 0
62 5 26 61
63 25 25 0
64 0 12 0
65 14 17 64
66 19 27 65
67 1 6 0
68 0 4 0
69 6 9 68
70 0 0 0
71 0 1 0
72 3 6 71
73 8 15 72
74 0 3 0
75 5 6 74
76 1 5 0
77 1 1 0
78 1 1 0
79 2 2 0
80 6 6 0
81 0 39 0
82 0 4 0
83 6 13 82
84 15 19 83
85 2 2 0
86 0 2 0
87 4 5 86
88 0 0 0
89 2 7 88
90 0 1 0
91 3 12 90
92 0 54 0
93 0 91 0
94 1 1 0
95 0 0 0
96 1 4 0
97 0 55 0
98 2 2 0
99 0 0 0
100 2 2 0
101 0 5 0
102 0 1 0
103 3 21 102
104 0 11 0
105 13 13 104
106 15 17 105
107 0 0 0
108 18 18 0
109 0 1 0
110 3 23 109
111 25 32 110
112 9 9 0
113 1 1 0
114 0 1 0
115 3 20 114
116 2 7 0
117 1 2 0
118 4 9 117
119 11 14 118
120 15 15 0
121 0 9 0
122 11 29 121
123 31 75 122
124 1 5 0
125 0 0 0
126 2 2 125
127 4 5 126
128 0 4 0
129 0 0 0
130 1 1 0
131 3 27 130
132 29 31 131
133 33 34 132
134 0 13 0
135 16 17 134
136 19 25 135
137 27 30 136
138 2 2 0
139 0 91 0
140 0 30 0
141 0 2 0
142 4 10 141
143 12 20 142
144 22 34 143
145 36 76 144
146 0 6 0
147 8 16 146
148 18 21 147
149 0 36 0
150 14 14 0
151 1 5 0
152 5 5 0
153 0 5 0
154 0 1 0
155 3 4 154
156 0 43 0
157 0 4 0
158 1 1 0
159 0 1 0
160 1 7 0
161 2 7 0
162 0 13 0
163 15 22 162
164 24 25 163
165 27 39 164
166 1 2 0
167 0 6 0
168 8 11 167
169 4 4 0
170 0 1 0
171 4 5 170
172 11 11 0
173 0 0 0
174 1 4 0
175 1 1 0
176 0 2 0
177 4 4 176
178 0 0 0
179 2 30 178
180 1 3 0
181 5 34 180
182 36 36 181
183 0 17 0
184 19 38 183
185 0 15 0
186 2 2 0
187 0 0 0
188 0 38 0
189 0 1 0
190 3 7 189
191 1 3 0
192 5 7 191
193 13 13 0
194 1 1 0
195 0 29 0
196 31 46 195
197 48 52 196
198 54 60 197
199 17 17 0
200 2 2 0
201 3 3 0
202 1 3 0
203 5 7 202
204 2 2 0
205 1 1 0
206 1 1 0
207 0 0 0
208 1 7 0
209 0 2 0
210 4 7 209
211 9 11 210
212 13 15 211
213 0 0 0
214 2 7 213
215 9 13 214
216 15 16 215
217 7 7 0
218 0 9 0
219 11 18 218
220 0 3 0
221 5 13 220
222 0 1 0
223 3 13 222
224 0 0 0
225 0 8 0
226 0 91 0
227 0 2 0
228 4 13 227
229 0 7 0
230 10 40 229
231 0 5 0
232 1 5 0
233 0 38 0
234 1 1 0
235 41 41 0
236 0 60 0
237 2 2 0
238 0 2 0
239 4 7 238
240 0 5 0
241 7 7 240
242 0 1 0
243 3 11 242
244 3 3 0
245 0 9 0
246 11 19 245
247 2 14 0
248 16 19 247
249 0 2 0
250 4 7 249
251 9 12 250
252 4 4 0
253 0 3 0
254 5 6 253
255 1 7 0
256 9 17 255
257 1 1 0
258 1 1 0
259 0 6 0
260 9 14 259
261 16 19 260
262 10 10 0
263 0 3 0
264 5 5 263
265 2 11 0
266 5 5 0
267 0 2 0
268 4 6 267
269 0 15 0
270 17 34 269
271 37 51 270
272 9 9 0
273 1 22 0
274 5 5 0
275 1 1 0
276 3 3 0
277 0 0 0
278 19 19 0
279 4 4 0
280 0 0 0
281 1 1 0
282 0 13 0
283 0 2 0
284 4 7 283
285 9 14 284
286 0 32 0
287 0 5 0
288 7 7 287
289 9 18 288
290 20 27 289
291 29 38 290
292 0 16 0
293 18 20 292
294 0 8 0
295 1 3 0
296 5 13 295
297 0 4 0
298 6 7 297
299 0 26 0
300 0 1 0
301 3 23 300
302 0 7 0
303 9 31 302
304 33 50 303
305 52 73 304
306 75 78 305
307 5 5 0
308 8 8 0
309 1 32 0
310 4 4 0
311 2 6 0
312 0 3 0
313 5 43 312
314 19 19 0
315 0 3 0
316 5 9 315
317 11 52 316
318 54 74 317
319 76 91 318
320 0 39 0
321 0 11 0
322 0 5 0
323 0 4 0
324 4 4 0
325 0 3 0
326 5 5 325
327 7 15 326
328 0 6 0
329 5 5 0
330 9 9 0
331 0 7 0
332 0 0 0
333 7 7 0
334 0 5 0
335 8 10 334
336 7 7 0
337 0 1 0
338 3 11 337
339 0 5 0
340 3 3 0
341 0 27 0
342 29 35 341
343 37 52 342
344 54 62 343
345 1 1 0
346 1 1 0
347 0 11 0
348 13 31 347
349 0 0 0
350 2 3 349
351 5 10 350
352 0 3 0
353 5 15 352
354 0 18 0
355 7 7 0
356 6 6 0
357 0 6 0
358 8 9 357
359 11 15 358
360 8 8 0
361 0 0 0
362 0 0 0
363 7 7 0
364 1 6 0
365 3 3 0
366 0 9 0
367 11 12 366
368 1 1 0
369 0 1 0
370 3 12 369
371 30 30 0
372 0 3 0
373 5 7 372
374 0 8 0
375 10 11 374
376 1 1 0
377 3 6 376
378 8 15 377
379 4 4 0
380 0 5 0
381 7 8 380
382 4 4 0
383 0 3 0
384 5 5 383
385 7 9 384
386 0 3 0
387 5 6 386
388 8 36 387
389 38 38 388
390 2 9 0
391 0 3 0
392 5 17 391
393 19 23 392
394 25 32 393
395 34 49 394
396 51 60 395
397 4 4 0
398 0 1 0
399 3 9 398
400 1 1 0
401 2 2 0
402 4 6 401
403 8 10 402
404 2 5 0
405 7 14 404
406 1 1 0
407 2 5 0
408 0 0 0
409 1 5 0
410 8 17 409
411 19 20 410
412 0 15 0
413 17 18 412
414 0 0 0
415 0 16 0
416 18 26 415
417 0 18 0
418 0 0 0
419 1 12 0
420 1 5 0
421 7 10 420
422 0 2 0
423 4 9 422
424 1 1 0
425 0 12 0
426 14 32 425
427 34 60 426
428 0 1 0
429 3 13 428
430 0 1 0
431 4 6 430
432 8 10 431
433 0 1 0
434 3 12 433
435 0 3 0
436 0 11 0
437 0 3 0
438 7 7 0
439 0 11 0
440 13 15 439
441 1 6 0
442 0 13 0
443 15 27 442
444 0 13 0
445 0 0 0
446 2 2 445
447 4 13 446
448 2 2 0
449 0 5 0
450 8 12 449
451 14 20 450
452 0 0 0
453 2 2 0
454 0 2 0
455 4 9 454
456 0 0 0
457 0 9 0
458 0 2 0
459 1 3 0
460 5 10 459
461 0 5 0
462 7 20 461
463 22 31 462
464 0 2 0
465 0 1 0
466 3 8 465
467 0 1 0
468 3 6 467
469 0 5 0
470 2 2 0
471 4 4 0
472 1 2 0
473 4 6 472
474 8 10 473
475 7 7 0
476 0 0 0
477 2 3 476
478 0 0 0
479 1 9 0
480 0 0 0
481 2 9 480
482 11 20 481
483 22 27 482
484 1 1 0
485 0 40 0
486 42 44 485
487 1 1 0
488 0 10 0
489 12 17 488
490 19 32 489
491 3 3 0
492 0 4 0
493 6 17 492
494 1 1 0
495 0 6 0
496 9 9 495
497 0 4 0
498 6 8 497
499 0 2 0
500 1 3 0
501 0 2 0
502 4 15 501
503 17 17 502
504 19 20 503
505 0 1 0
506 4 9 505
507 2 2 0
508 4 9 507
509 0 17 0
510 19 25 509
511 0 36 0
512 0 34 0
513 36 37 512
514 39 46 513
515 0 8 0
516 10 12 515
517 0 9 0
518 0 0 0
519 0 3 0
520 0 13 0
521 15 50 520
522 52 81 521
523 0 13 0
524 0 1 0
525 3 6 524
526 8 48 525
527 0 0 0
528 1 12 0
529 0 3 0
530 1 4 0
531 6 8 530
532 0 2 0
533 4 7 532
534 0 3 0
535 5 6 534
536 8 9 535
537 1 14 0
538 16 16 537
539 1 2 0
540 4 5 539
541 7 13 540
542 2 2 0
543 0 35 0
544 0 7 0
545 9 12 544
546 1 10 0
547 1 6 0
548 8 21 547
549 23 31 548
550 1 11 0
551 13 13 550
552 0 13 0
553 15 17 552
554 19 30 553
555 0 13 0
556 15 26 555
557 0 10 0
558 12 15 557
559 17 20 558
560 0 16 0
561 32 32 0
562 0 0 0
563 2 9 562
564 39 39 0
565 2 28 0
566 30 34 565
567 1 6 0
568 8 9 567
569 1 7 0
570 0 4 0
571 6 8 570
572 10 24 571
573 26 30 572
574 32 33 573
575 0 0 0
576 0 5 0
577 0 4 0
578 6 6 577
579 1 3 0
580 0 2 0
581 4 5 580
582 9 9 0
583 0 0 0
584 0 10 0
585 12 18 584
586 20 23 585
587 4 4 0
588 5 5 0
589 19 19 0
590 0 10 0
591 0 19 0
592 6 6 0
593 6 6 0
594 0 1 0
595 3 5 594
596 0 0 0
597 0 13 0
598 15 32 597
599 0 4 0
600 6 7 599
601 9 61 600
602 63 73 601
603 0 4 0
604 6 12 603
605 0 2 0
606 5 13 605
607 1 1 0
608 0 3 0
609 5 6 608
610 0 4 0
611 7 12 610
612 14 23 611
613 2 2 0
614 1 2 0
615 0 3 0
616 5 14 615
617 7 7 0
618 1 1 0
619 9 9 0
620 3 3 0
621 1 3 0
622 5 11 621
623 14 17 622
624 19 21 623
625 23 24 624
626 1 9 0
627 11 12 626
628 14 34 627
629 0 0 0
630 12 12 0
631 0 3 0
632 5 6 631
633 8 19 632
634 0 1 0
635 3 3 634
636 5 5 0
637 0 1 0
638 3 4 637
639 1 4 0
640 6 32 639
641 0 3 0
642 5 35 641
643 37 39 642
644 3 3 0
645 0 85 0
646 0 8 0
647 10 23 646
648 25 41 647
649 43 45 648
650 0 6 0
651 9 10 650
652 4 4 0
653 2 2 0
654 0 2 0
655 4 7 654
656 3 3 0
657 0 0 0
658 0 4 0
659 6 31 658
660 33 33 659
661 35 35 660
662 37 40 661
663 0 2 0
664 4 5 663
665 0 4 0
666 6 20 665
667 0 63 0
668 65 72 667
669 74 88 668
670 9 9 0
671 1 4 0
672 6 13 671
673 15 18 672
674 0 0 0
675 0 10 0
676 0 4 0
677 6 21 676
678 23 26 677
679 28 39 678
680 41 66 679
681 0 14 0
682 0 2 0
683 0 0 0
684 0 17 0
685 20 24 684
686 0 11 0
687 0 3 0
688 6 8 687
689 0 0 0
690 2 13 689
691 13 13 0
692 0 49 0
693 8 8 0
694 0 0 0
695 2 2 694
696 4 6 695
697 0 8 0
698 10 10 697
699 0 2 0
700 4 21 699
701 23 24 700
702 26 27 701
703 0 3 0
704 1 1 0
705 0 19 0
706 36 36 0
707 1 1 0
708 1 1 0
709 2 2 0
710 0 4 0
711 6 14 710
712 8 8 0
713 2 2 0
714 1 1 0
715 1 1 0
716 0 9 0
717 11 24 716
718 26 37 717
719 1 4 0
720 0 3 0
721 5 10 720
722 12 13 721
723 0 5 0
724 1 31 0
725 33 33 724
726 35 42 725
727 1 1 0
728 0 7 0
729 9 14 728
730 16 62 729
731 64 68 730
732 0 0 0
733 0 0 0
734 0 16 0
735 18 29 734
736 0 24 0
737 26 32 736
738 1 1 0
739 0 15 0
740 0 0 0
741 2 6 740
742 8 10 741
743 1 4 0
744 0 4 0
745 6 8 744
746 10 32 745
747 35 39 746
748 1 16 0
749 0 13 0
750 0 0 0
751 2 8 750
752 0 14 0
753 0 1 0
754 3 12 753
755 2 2 0
756 0 0 0
757 2 2 0
758 0 6 0
759 8 24 758
760 1 2 0
761 0 0 0
762 2 10 761
763 12 17 762
764 1 1 0
765 1 6 0
766 8 22 765
767 11 11 0
768 4 4 0
769 0 91 0
770 2 2 0
771 0 0 0
772 0 0 0
773 2 5 772
774 1 3 0
775 5 17 774
776 0 3 0
777 5 5 776
778 8 19 777
779 23 23 0
780 0 11 0
781 13 43 780
782 45 47 781
783 0 91 0
784 0 6 0
785 8 60 784
786 1 49 0
787 0 8 0
788 10 10 0
789 0 0 0
790 0 11 0
791 0 4 0
792 6 7 791
793 28 28 0
794 1 1 0
795 3 6 794
796 8 12 795
797 3 3 0
798 11 11 0
799 0 39 0
800 41 51 799
801 53 55 800
802 7 7 0
803 0 2 0
804 0 4 0
805 6 45 804
806 0 3 0
807 0 12 0
808 14 19 807
809 21 39 808
810 0 4 0
811 6 9 810
812 1 1 0
813 0 53 0
814 4 4 0
815 27 27 0
816 1 8 0
817 0 3 0
818 5 8 817
819 2 2 0
820 4 4 0
821 9 9 0
822 1 1 0
823 3 3 0
824 0 3 0
825 5 21 824
826 23 27 825
827 2 11 0
828 1 4 0
829 0 25 0
830 0 75 0
831 5 5 0
832 2 2 0
833 0 10 0
834 1 6 0
835 0 3 0
836 0 91 0
837 0 2 0
838 4 11 837
839 13 20 838
840 0 14 0
841 16 19 840
842 21 22 841
843 4 4 0
844 1 1 0
845 0 2 0
846 5 6 845
847 8 11 846
848 0 0 0
849 2 2 0
850 0 0 0
851 0 12 0
852 14 21 851
853 1 4 0
854 2 2 0
855 0 4 0
856 6 70 855
857 72 73 856
858 1 5 0
859 25 25 0
860 2 2 0
861 0 1 0
862 3 11 861
863 1 13 0
864 15 26 863
865 28 32 864
866 11 11 0
867 0 1 0
868 0 1 0
869 3 9 868
870 11 13 869
871 0 16 0
872 2 2 0
873 0 2 0
874 4 6 873
875 8 12 874
876 15 17 875
877 0 0 0
878 2 2 877
879 4 7 878
880 9 16 879
881 0 0 0
882 2 12 881
883 2 3 0
884 5 9 883
885 3 6 0
886 4 4 0
887 3 9 0
888 2 2 0
889 3 5 0
890 2 6 0
891 8 11 890
892 13 18 891
893 20 35 892
894 2 17 0
895 19 23 894
896 25 30 895
897 3 7 0
898 9 17 897
899 2 2 0
900 3 3 0
901 4 4 0
902 2 10 0
903 2 5 0
904 7 22 903
905 14 14 0
906 2 27 0
907 2 2 0
908 4 9 907
909 2 7 0
910 9 22 909
911 2 3 0
912 5 8 911
913 2 2 0
914 2 3 0
915 3 3 0
916 2 50 0
917 3 5 0
918 2 9 0
919 7 7 0
920 2 6 0
921 2 3 0
922 5 10 921
923 3 3 0
924 3 4 0
925 6 7 924
926 3 3 0
927 2 2 0
928 2 72 0
929 74 84 928
930 86 91 929
931 2 6 0
932 8 8 0
933 3 3 0
934 2 2 0
935 3 5 0
936 2 2 0
937 2 2 0
938 2 2 0
939 2 91 0
940 3 6 0
941 2 2 0
942 2 2 0
943 3 9 0
944 0 0 0
945 0 1 0
946 4 4 945
947 6 17 946
948 19 20 947
949 0 1 0
950 3 5 949
951 7 9 950
952 3 3 0
953 1 1 0
954 0 0 0
955 10 10 0
956 0 0 0
957 0 1 0
958 3 13 957
959 0 1 0
960 1 1 0
961 0 1 0
962 3 5 961
963 7 17 962
964 0 1 0
965 1 1 0
966 0 1 0
967 3 5 966
968 0 0 0
969 0 0 0
970 0 1 0
971 3 4 970
972 6 8 971
973 10 12 972
974 14 55 973
975 57 57 974
976 59 68 975
977 70 73 976
978 1 1 0
979 3 10 978
980 1 1 0
981 3 3 0
982 0 1 0
983 1 1 0
984 3 12 983
985 14 18 984
986 0 0 0
987 1 1 0
988 0 0 0
989 0 0 0
990 1 1 0
991 3 3 0
992 1 1 0
993 0 0 0
994 3 4 993
995 6 8 994
996 1 1 0
997 3 29 996
998 0 1 0
999 3 13 998
1000 15 21 999
1001 1 1 0
1002 0 0 0
1003 0 1 0
1004 0 1 0
1005 4 7 1004
1006 0 0 0
1007 0 0 0
1008 3 4 1007
1009 1 1 0
1010 0 1 0
1011 3 16 1010
1012 18 47 1011
1013 0 1 0
1014 3 7 1013
1015 10 15 1014
1016 0 1 0
1017 3 3 1016
1018 5 13 1017
1019 15 21 1018
1020 1 1 0
1021 3 15 1020
1022 17 18 1021
1023 0 0 0
1024 1 1 0
1025 0 1 0
1026 3 4 1025
1027 6 11 1026
1028 0 0 0
1029 1 1 0
1030 1 1 0
1031 1 1 0
1032 0 1 0
1033 4 4 0
1034 0 1 0
1035 0 1 0
1036 0 0 0
1037 0 1 0
1038 4 4 1037
1039 0 1 0
1040 4 12 1039
1041 1 1 0
1042 3 12 1041
1043 0 1 0
1044 3 4 1043
1045 6 7 1044
1046 0 0 0
1047 1 1 0
1048 1 1 0
1049 0 0 0
1050 1 1 0
1051 1 1 0
1052 9 9 0
1053 0 0 0
1054 0 0 0
1055 0 1 0
1056 3 3 1055
1057 5 9 1056
1058 11 24 1057
1059 26 30 1058
1060 32 36 1059
1061 38 41 1060
1062 1 1 0
1063 3 7 1062
1064 9 13 1063
1065 0 0 0
1066 0 0 0
1067 0 0 0
1068 3 5 1067
1069 7 18 1068
1070 20 35 1069
1071 0 1 0
1072 3 5 1071
1073 7 9 1072
1074 11 18 1073
1075 20 20 1074
1076 22 32 1075
1077 34 38 1076
1078 1 1 0
1079 3 13 1078
1080 3 3 0
1081 0 1 0
1082 3 7 1081
1083 9 11 1082
1084 13 13 1083
1085 16 20 1084
1086 22 26 1085
1087 28 49 1086
1088 0 1 0
1089 3 13 1088
1090 15 34 1089
1091 36 37 1090
1092 39 65 1091
1093 7 7 0
1094 0 0 0
1095 1 1 0
1096 0 1 0
1097 3 12 1096
1098 14 15 1097
1099 0 1 0
1100 0 1 0
1101 3 7 1100
1102 9 10 1101
1103 12 13 1102
1104 0 1 0
1105 3 6 1104
1106 8 8 1105
1107 10 45 1106
1108 1 1 0
1109 0 0 0
1110 1 1 0
1111 3 3 0
1112 3 13 0
1113 3 7 0
1114 9 13 1113
1115 7 7 0
1116 6 6 0
1117 3 5 0
1118 7 10 1117
1119 3 3 0
1120 3 10 0
1121 12 21 1120
1122 23 41 1121
1123 4 13 0
1124 15 18 1123
1125 3 8 0
1126 10 14 1125
1127 4 5 0
1128 4 5 0
1129 3 3 0
1130 3 12 0
1131 14 24 1130
1132 4 6 0
1133 3 4 0
1134 11 11 0
1135 3 5 0
1136 10 10 0
1137 7 7 0
1138 3 7 0
1139 9 17 1138
1140 3 4 0
1141 6 6 1140
1142 3 3 0
1143 3 13 0
1144 15 16 1143
1145 18 21 1144
1146 23 27 1145
1147 29 30 1146
1148 4 4 0
1149 3 3 0
1150 4 21 0
1151 3 5 0
1152 7 9 1151
1153 3 3 0
1154 4 4 0
1155 3 10 0
1156 4 5 0
1157 3 9 0
1158 11 12 1157
1159 3 17 0
1160 19 30 1159
1161 32 33 1160
1162 35 37 1161
1163 3 4 0
1164 6 33 1163
1165 35 43 1164
1166 3 3 0
1167 3 8 0
1168 3 4 0
1169 6 7 1168
1170 9 18 1169
1171 20 41 1170
1172 3 3 0
1173 3 12 0
1174 14 15 1173
1175 4 4 0
1176 4 4 0
1177 3 4 0
1178 6 13 1177
1179 3 9 0
1180 11 11 1179
1181 3 3 0
1182 9 9 0
1183 4 4 0
1184 3 11 0
1185 13 27 1184
1186 29 43 1185
1187 3 11 0
1188 13 15 1187
1189 7 13 0
1190 7 14 0
1191 16 21 1190
1192 23 27 1191
1193 6 8 0
1194 10 21 1193
1195 7 7 0
1196 5 9 0
1197 6 9 0
1198 11 26 1197
1199 28 29 1198
1200 6 27 0
1201 29 34 1200
1202 36 43 1201
1203 5 5 0
1204 13 13 0
1205 5 8 0
1206 10 13 1205
1207 4 4 0
1208 4 8 0
1209 10 12 1208
1210 14 21 1209
1211 7 9 0
1212 6 6 0
1213 5 65 0
1214 4 15 0
1215 17 24 1214
1216 7 10 0
1217 4 4 0
1218 12 12 0
1219 6 17 0
1220 19 20 1219
1221 4 4 0
1222 6 7 1221
1223 9 10 1222
1224 5 5 0
1225 14 14 0
1226 15 15 0
1227 4 27 0
1228 5 5 0
1229 7 13 0
1230 7 18 0
1231 4 17 0
1232 19 34 1231
1233 8 8 0
1234 4 7 0
1235 9 11 1234
1236 13 15 1235
1237 17 20 1236
1238 6 7 0
1239 9 26 1238
1240 28 28 1239
1241 59 59 0
1242 5 8 0
1243 6 9 0
1244 11 11 1243
1245 13 14 1244
1246 5 5 0
1247 10 10 0
1248 4 4 0
1249 7 10 0
1250 10 10 0
1251 6 6 0
1252 6 6 0
1253 8 16 1252
1254 6 6 0
1255 6 10 0
1256 12 17 1255
1257 5 12 0
1258 14 21 1257
1259 5 7 0
1260 9 16 1259
1261 6 6 0
1262 8 8 0
1263 6 6 0
1264 8 15 1263
1265 4 7 0
1266 9 15 1265
1267 5 7 0
1268 9 16 1267
1269 12 12 0
1270 5 11 0
1271 8 8 0
1272 5 7 0
1273 9 11 1272
1274 13 41 1273
1275 5 5 0
1276 6 57 0
1277 5 10 0
1278 13 20 1277
1279 8 8 0
1280 6 16 0
1281 6 7 0
1282 12 12 0
1283 6 7 0
1284 6 31 0
1285 6 6 0
1286 6 7 0
1287 5 5 0
1288 5 8 0
1289 10 17 1288
1290 6 15 0
1291 5 9 0
1292 11 24 1291
1293 26 27 1292
1294 29 43 1293
1295 7 14 0
1296 6 15 0
1297 17 19 1296
1298 7 7 0
1299 21 21 0
1300 5 7 0
1301 9 10 1300
1302 12 31 1301
1303 5 5 0
1304 7 9 1303
1305 11 14 1304
1306 7 7 0
1307 14 14 0
1308 15 15 0
1309 5 5 0
1310 5 9 0
1311 11 22 1310
1312 24 44 1311
1313 46 91 1312
1314 31 31 0
1315 7 7 0
1316 6 17 0
1317 19 20 1316
1318 22 37 1317
1319 8 8 0
1320 5 5 0
1321 5 9 0
1322 4 8 0
1323 10 22 1322
1324 4 4 0
1325 7 7 0
1326 5 17 0
1327 19 31 1326
1328 4 8 0
1329 5 15 0
1330 17 18 1329
1331 20 23 1330
1332 10 10 0
1333 5 27 0
1334 29 32 1333
1335 40 40 0
1336 5 5 0
1337 7 9 1336
1338 6 6 0
1339 15 15 0
1340 4 4 0
1341 6 20 1340
1342 22 42 1341
1343 7 7 0
1344 7 8 0
1345 7 7 0
1346 8 10 0
1347 7 8 0
1348 10 34 1347
1349 7 14 0
1350 16 18 1349
1351 8 8 0
1352 16 16 0
1353 8 13 0
1354 7 13 0
1355 15 26 1354
1356 28 38 1355
1357 40 41 1356
1358 43 45 1357
1359 7 7 0
1360 7 7 0
1361 5 5 0
1362 7 7 0
1363 8 8 0
1364 7 34 0
1365 36 40 1364
1366 42 44 1365
1367 7 10 0
1368 12 21 1367
1369 23 30 1368
1370 32 41 1369
1371 20 20 0
1372 5 5 0
1373 7 16 1372
1374 7 8 0
1375 10 16 1374
1376 18 27 1375
1377 7 9 0
1378 11 13 1377
1379 4 4 0
1380 7 9 1379
1381 4 4 0
1382 10 10 0
1383 7 12 0
1384 48 48 0
1385 4 5 0
1386 8 14 1385
1387 16 41 1386
1388 43 62 1387
1389 7 8 0
1390 10 10 1389
1391 12 13 1390
1392 7 7 0
1393 7 39 0
1394 41 42 1393
1395 44 57 1394
1396 59 60 1395
1397 62 79 1396
1398 81 83 1397
1399 85 91 1398
1400 8 10 0
1401 8 10 0
1402 4 4 0
1403 5 6 0
1404 4 4 0
1405 6 6 1404
1406 4 4 0
1407 4 4 0
1408 4 6 0
1409 8 21 1408
1410 5 6 0
1411 8 15 1410
1412 17 18 1411
1413 4 4 0
1414 6 6 1413
1415 5 6 0
1416 8 25 1415
1417 27 31 1416
1418 4 6 0
1419 4 5 0
1420 4 5 0
1421 5 5 0
1422 4 5 0
1423 5 5 0
1424 4 4 0
1425 4 4 0
1426 4 4 0
1427 5 5 0
1428 5 5 0
1429 5 5 0
1430 5 6 0
1431 5 6 0
1432 5 5 0
1433 5 5 0
1434 5 5 0
1435 5 6 0
1436 9 9 1435
1437 9 9 0
1438 6 6 0
1439 6 6 0
1440 6 6 0
1441 8 20 1440
1442 22 25 1441
1443 5 5 0
1444 5 6 0
1445 8 9 1444
1446 5 6 0
1447 5 5 0
1448 5 6 0
1449 6 6 0
1450 5 5 0
1451 5 5 0
1452 5 5 0
1453 6 6 0
1454 10 11 0
1455 13 13 1454
1456 15 21 1455
1457 8 15 0
1458 18 21 1457
1459 10 11 0
1460 13 22 1459
1461 24 25 1460
1462 9 9 0
1463 10 15 0
1464 17 17 1463
1465 19 33 1464
1466 35 38 1465
1467 10 40 0
1468 9 12 0
1469 12 12 0
1470 9 12 0
1471 10 11 0
1472 13 14 1471
1473 35 35 0
1474 10 12 0
1475 14 24 1474
1476 26 29 1475
1477 10 25 0
1478 24 24 0
1479 16 16 0
1480 11 11 0
1481 13 14 1480
1482 10 10 0
1483 9 9 0
1484 8 10 0
1485 12 12 1484
1486 10 10 0
1487 8 18 0
1488 20 35 1487
1489 37 38 1488
1490 10 10 0
1491 10 10 0
1492 10 12 0
1493 14 22 1492
1494 11 11 0
1495 10 14 0
1496 10 10 0
1497 10 12 0
1498 14 32 1497
1499 34 38 1498
1500 9 9 0
1501 9 11 0
1502 13 15 1501
1503 9 16 0
1504 18 21 1503
1505 17 17 0
1506 9 19 0
1507 21 47 1506
1508 49 72 1507
1509 74 88 1508
1510 15 15 0
1511 8 19 0
1512 21 21 1511
1513 8 25 0
1514 27 34 1513
1515 9 9 0
1516 11 21 1515
1517 10 13 0
1518 9 34 0
1519 9 9 0
1520 11 19 0
1521 11 16 0
1522 15 15 0
1523 11 13 0
1524 8 27 0
1525 29 30 1524
1526 32 36 1525
1527 38 48 1526
1528 9 10 0
1529 12 12 0
1530 10 91 0
1531 9 14 0
1532 16 18 1531
1533 11 18 0
1534 20 24 1533
1535 26 35 1534
1536 9 11 0
1537 9 9 0
1538 28 28 0
1539 11 11 0
1540 13 21 1539
1541 10 11 0
1542 13 24 1541
1543 26 32 1542
1544 10 10 0
1545 12 17 1544
1546 19 25 1545
1547 27 30 1546
1548 11 11 0
1549 13 21 1548
1550 10 17 0
1551 19 34 1550
1552 36 37 1551
1553 39 59 1552
1554 61 62 1553
1555 14 14 0
1556 10 10 0
1557 12 20 1556
1558 22 34 1557
1559 9 18 0
1560 20 26 1559
1561 9 9 0
1562 10 12 0
1563 10 20 0
1564 9 18 0
1565 20 42 1564
1566 44 54 1565
1567 56 71 1566
1568 10 11 0
1569 13 13 1568
1570 10 23 0
1571 10 10 0
1572 9 9 0
1573 9 14 0
1574 16 18 1573
1575 20 40 1574
1576 11 11 0
1577 10 15 0
1578 11 11 0
1579 9 31 0
1580 33 38 1579
1581 10 10 0
1582 8 11 0
1583 13 13 1582
1584 10 10 0
1585 9 12 0
1586 14 37 1585
1587 11 11 0
1588 9 15 0
1589 17 23 1588
1590 8 10 0
1591 12 16 1590
1592 10 10 0
1593 10 11 0
1594 13 16 1593
1595 18 34 1594
1596 9 9 0
1597 11 12 1596
1598 14 17 1597
1599 13 13 0
1600 11 13 0
1601 11 11 0
1602 11 11 0
1603 9 9 0
1604 8 10 0
1605 12 19 1604
1606 21 59 1605
1607 61 66 1606
1608 68 72 1607
1609 74 77 1608
1610 9 9 0
1611 9 9 0
1612 9 9 0
1613 9 9 0
1614 12 17 1613
1615 16 16 0
1616 9 9 0
1617 9 10 0
1618 9 10 0
1619 9 10 0
1620 12 13 1619
1621 9 9 0
1622 10 10 0
1623 8 8 0
1624 9 9 0
1625 8 9 0
1626 11 11 1625
1627 13 13 1626
1628 15 19 1627
1629 8 9 0
1630 9 9 0
1631 8 8 0
1632 9 9 0
1633 8 8 0
1634 8 8 0
1635 8 8 0
1636 9 9 0
1637 9 9 0
1638 12 12 0
1639 14 14 0
1640 11 11 0
1641 11 11 0
1642 13 29 1641
1643 11 11 0
1644 11 13 0
1645 12 12 0
1646 12 17 0
1647 12 12 0
1648 12 13 0
1649 11 11 0
1650 11 56 0
1651 58 66 1650
1652 68 80 1651
1653 82 85 1652
1654 87 88 1653
1655 12 13 0
1656 11 11 0
1657 11 11 0
1658 13 13 1657
1659 11 11 0
1660 13 17 1659
1661 19 21 1660
1662 21 21 0
1663 12 23 0
1664 13 13 0
1665 11 11 0
1666 13 13 1665
1667 15 17 1666
1668 12 15 0
1669 17 20 1668
1670 22 37 1669
1671 12 12 0
1672 13 26 0
1673 12 16 0
1674 18 24 1673
1675 26 37 1674
1676 15 15 0
1677 12 14 0
1678 13 23 0
1679 12 15 0
1680 17 19 1679
1681 12 15 0
1682 17 31 1681
1683 33 54 1682
1684 12 19 0
1685 12 12 0
1686 12 13 0
1687 13 14 0
1688 16 25 1687
1689 15 15 0
1690 12 12 0
1691 15 15 0
1692 12 28 0
1693 30 50 1692
1694 52 61 1693
1695 63 80 1694
1696 82 91 1695
1697 15 15 0
1698 13 13 0
1699 13 13 0
1700 12 12 0
1701 12 16 0
1702 13 13 0
1703 12 12 0
1704 13 23 0
1705 13 13 0
1706 12 12 0
1707 12 12 0
1708 22 22 0
1709 12 12 0
1710 14 18 1709
1711 13 15 0
1712 12 18 0
1713 20 30 1712
1714 12 16 0
1715 18 37 1714
1716 39 42 1715
1717 44 49 1716
1718 51 52 1717
1719 14 14 0
1720 12 12 0
1721 12 12 0
1722 12 17 0
1723 19 20 1722
1724 22 34 1723
1725 36 44 1724
1726 12 12 0
1727 13 29 0
1728 24 24 0
1729 13 17 0
1730 19 32 1729
1731 13 22 0
1732 12 12 0
1733 12 12 0
1734 17 17 0
1735 30 30 0
1736 12 14 0
1737 12 12 0
1738 14 25 1737
1739 13 15 0
1740 13 18 0
1741 20 34 1740
1742 36 56 1741
1743 17 17 0
1744 13 15 0
1745 17 26 1744
1746 28 33 1745
1747 35 41 1746
1748 43 45 1747
1749 47 47 1748
1750 49 60 1749
1751 14 14 0
1752 14 14 0
1753 16 34 1752
1754 36 38 1753
1755 40 44 1754
1756 13 18 0
1757 20 43 1756
1758 14 36 0
1759 38 43 1758
1760 13 44 0
1761 13 13 0
1762 13 19 0
1763 21 26 1762
1764 28 39 1763
1765 21 21 0
1766 13 17 0
1767 19 19 1766
1768 13 16 0
1769 18 27 1768
1770 14 18 0
1771 14 15 0
1772 14 16 0
1773 18 21 1772
1774 14 14 0
1775 15 15 0
1776 17 17 0
1777 13 14 0
1778 16 21 1777
1779 13 13 0
1780 14 32 0
1781 34 42 1780
1782 44 57 1781
1783 40 40 0
1784 13 13 0
1785 13 13 0
1786 13 17 0
1787 13 13 0
1788 13 13 0
1789 15 17 1788
1790 29 29 0
1791 15 15 0
1792 14 20 0
1793 22 24 1792
1794 26 38 1793
1795 15 17 0
1796 14 17 0
1797 19 27 1796
1798 14 14 0
1799 14 20 0
1800 22 23 1799
1801 14 26 0
1802 13 23 0
1803 25 31 1802
1804 33 40 1803
1805 42 60 1804
1806 19 19 0
1807 14 14 0
1808 19 19 0
1809 14 18 0
1810 13 13 0
1811 15 54 1810
1812 56 65 1811
1813 67 77 1812
1814 13 14 0
1815 16 20 1814
1816 15 15 0
1817 13 13 0
1818 14 18 0
1819 14 14 0
1820 13 13 0
1821 13 14 0
1822 30 30 0
1823 13 13 0
1824 15 24 1823
1825 13 13 0
1826 14 21 0
1827 23 24 1826
1828 13 14 0
1829 13 15 0
1830 13 13 0
1831 33 33 0
1832 13 19 0
1833 20 20 0
1834 14 15 0
1835 13 14 0
1836 14 15 0
1837 17 23 1836
1838 13 13 0
1839 13 15 0
1840 17 23 1839
1841 13 13 0
1842 14 14 0
1843 14 19 0
1844 17 17 0
1845 14 14 0
1846 15 15 0
1847 27 27 0
1848 14 17 0
1849 19 20 1848
1850 22 34 1849
1851 14 15 0
1852 14 14 0
1853 14 14 0
1854 13 14 0
1855 16 19 1854
1856 21 22 1855
1857 24 27 1856
1858 29 32 1857
1859 34 38 1858
1860 40 43 1859
1861 45 49 1860
1862 13 13 0
1863 13 14 0
1864 17 27 1863
1865 29 36 1864
1866 38 67 1865
1867 14 14 0
1868 16 19 1867
1869 14 14 0
1870 16 26 1869
1871 14 14 0
1872 13 14 0
1873 14 14 0
1874 14 14 0
1875 13 13 0
1876 13 14 0
1877 16 17 1876
1878 19 22 1877
1879 25 28 1878
1880 13 13 0
1881 15 15 0
1882 16 22 0
1883 24 30 1882
1884 15 16 0
1885 18 20 1884
1886 22 35 1885
1887 15 25 0
1888 27 30 1887
1889 15 16 0
1890 18 18 1889
1891 16 31 0
1892 15 15 0
1893 17 17 1892
1894 19 23 1893
1895 15 15 0
1896 15 23 0
1897 25 63 1896
1898 65 76 1897
1899 78 84 1898
1900 19 19 0
1901 15 23 0
1902 25 37 1901
1903 39 50 1902
1904 52 54 1903
1905 16 16 0
1906 18 36 1905
1907 15 15 0
1908 16 16 0
1909 16 17 0
1910 16 17 0
1911 16 16 0
1912 16 17 0
1913 15 16 0
1914 18 27 1913
1915 15 15 0
1916 17 21 1915
1917 23 27 1916
1918 29 36 1917
1919 15 15 0
1920 17 27 1919
1921 29 35 1920
1922 15 15 0
1923 15 18 0
1924 20 21 1923
1925 23 30 1924
1926 15 30 0
1927 16 16 0
1928 15 33 0
1929 15 16 0
1930 15 16 0
1931 18 63 1930
1932 65 88 1931
1933 15 15 0
1934 15 15 0
1935 29 29 0
1936 17 17 0
1937 27 27 0
1938 15 16 0
1939 18 18 0
1940 15 15 0
1941 17 17 1940
1942 16 16 0
1943 15 17 0
1944 15 46 0
1945 48 66 1944
1946 33 33 0
1947 28 28 0
1948 15 15 0
1949 15 15 0
1950 29 29 0
1951 15 15 0
1952 15 15 0
1953 17 32 1952
1954 34 35 1953
1955 16 20 0
1956 22 30 1955
1957 15 15 0
1958 15 16 0
1959 18 24 1958
1960 26 52 1959
1961 18 20 0
1962 22 34 1961
1963 28 28 0
1964 17 18 0
1965 20 20 1964
1966 22 40 1965
1967 18 26 0
1968 48 48 0
1969 36 36 0
1970 19 25 0
1971 27 34 1970
1972 18 41 0
1973 43 63 1972
1974 65 76 1973
1975 78 82 1974
1976 84 91 1975
1977 17 17 0
1978 17 20 0
1979 17 59 0
1980 61 91 1979
1981 17 20 0
1982 22 31 1981
1983 33 49 1982
1984 19 19 0
1985 18 18 0
1986 16 33 0
1987 17 24 0
1988 16 22 0
1989 17 22 0
1990 16 23 0
1991 25 52 1990
1992 54 67 1991
1993 69 70 1992
1994 18 18 0
1995 17 18 0
1996 20 20 1995
1997 17 17 0
1998 17 17 0
1999 19 20 1998
2000 18 18 0
2001 16 16 0
2002 18 20 2001
2003 22 23 2002
2004 25 26 2003
2005 16 16 0
2006 22 22 0
2007 16 34 0
2008 36 45 2007
2009 18 19 0
2010 21 25 2009
2011 19 19 0
2012 18 23 0
2013 25 34 2012
2014 23 23 0
2015 19 19 0
2016 18 18 0
2017 17 17 0
2018 17 23 0
2019 26 33 2018
2020 18 20 0
2021 18 18 0
2022 17 32 0
2023 34 45 2022
2024 18 23 0
2025 25 38 2024
2026 19 21 0
2027 23 29 2026
2028 19 29 0
2029 19 19 0
2030 19 19 0
2031 18 19 0
2032 19 19 0
2033 18 19 0
2034 21 31 2033
2035 33 40 2034
2036 18 24 0
2037 18 18 0
2038 18 21 0
2039 23 24 2038
2040 26 28 2039
2041 24 24 0
2042 18 19 0
2043 21 28 2042
2044 19 19 0
2045 16 19 0
2046 21 35 2045
2047 37 50 2046
2048 52 55 2047
2049 57 66 2048
2050 17 17 0
2051 18 18 0
2052 17 22 0
2053 19 19 0
2054 17 19 0
2055 21 24 2054
2056 18 18 0
2057 18 21 0
2058 23 29 2057
2059 26 26 0
2060 18 24 0
2061 26 29 2060
2062 31 34 2061
2063 36 43 2062
2064 18 20 0
2065 17 17 0
2066 19 34 2065
2067 36 50 2066
2068 21 21 0
2069 17 45 0
2070 27 27 0
2071 18 31 0
2072 16 16 0
2073 17 22 0
2074 24 26 2073
2075 28 34 2074
2076 22 22 0
2077 19 21 0
2078 16 17 0
2079 19 31 2078
2080 33 48 2079
2081 16 17 0
2082 19 24 2081
2083 26 33 2082
2084 16 17 0
2085 19 23 2084
2086 17 17 0
2087 34 34 0
2088 18 18 0
2089 35 35 0
2090 17 17 0
2091 16 30 0
2092 17 18 0
2093 16 17 0
2094 19 20 2093
2095 17 17 0
2096 18 21 0
2097 23 25 2096
2098 27 34 2097
2099 36 37 2098
2100 16 16 0
2101 18 19 0
2102 16 16 0
2103 16 16 0
2104 17 17 0
2105 18 18 0
2106 20 29 2105
2107 17 18 0
2108 17 17 0
2109 16 16 0
2110 17 17 0
2111 17 17 0
2112 16 18 0
2113 16 18 0
2114 16 16 0
2115 17 18 0
2116 16 18 0
2117 17 18 0
2118 17 18 0
2119 17 18 0
2120 17 17 0
2121 19 19 0
2122 21 21 2121
2123 19 20 0
2124 20 27 0
2125 17 17 0
2126 19 23 0
2127 25 34 2126
2128 19 19 0
2129 21 21 0
2130 16 17 0
2131 19 19 2130
2132 21 31 2131
2133 20 20 0
2134 20 20 0
2135 33 33 0
2136 17 17 0
2137 19 20 2136
2138 19 27 0
2139 19 19 0
2140 21 21 2139
2141 20 20 0
2142 20 20 0
2143 19 28 0
2144 31 40 2143
2145 42 57 2144
2146 59 62 2145
2147 19 20 0
2148 23 32 2147
2149 34 35 2148
2150 37 47 2149
2151 19 22 0
2152 20 21 0
2153 20 21 0
2154 19 19 0
2155 21 21 0
2156 19 22 0
2157 19 19 0
2158 21 25 2157
2159 27 40 2158
2160 23 23 0
2161 19 19 0
2162 20 20 0
2163 20 20 0
2164 20 20 0
2165 20 20 0
2166 20 20 0
2167 19 20 0
2168 22 22 2167
2169 24 47 2168
2170 19 24 0
2171 26 32 2170
2172 34 41 2171
2173 43 47 2172
2174 19 19 0
2175 20 20 0
2176 22 32 2175
2177 19 19 0
2178 20 25 0
2179 27 50 2178
2180 19 58 0
2181 17 17 0
2182 19 35 0
2183 20 20 0
2184 20 20 0
2185 28 28 0
2186 20 23 0
2187 19 21 0
2188 23 27 2187
2189 19 19 0
2190 20 20 0
2191 19 42 0
2192 44 52 2191
2193 54 90 2192
2194 20 32 0
2195 34 37 2194
2196 39 48 2195
2197 16 17 0
2198 16 16 0
2199 17 17 0
2200 17 17 0
2201 16 16 0
2202 17 17 0
2203 17 17 0
2204 16 16 0
2205 20 20 0
2206 20 22 0
2207 26 26 0
2208 21 23 0
2209 20 21 0
2210 23 24 2209
2211 21 21 0
2212 20 20 0
2213 20 20 0
2214 21 22 0
2215 20 41 0
2216 43 46 2215
2217 20 29 0
2218 20 20 0
2219 40 40 0
2220 20 38 0
2221 40 43 2220
2222 22 22 0
2223 20 25 0
2224 27 27 2223
2225 20 20 0
2226 23 23 0
2227 20 20 0
2228 20 21 0
2229 20 21 0
2230 23 23 2229
2231 25 39 2230
2232 20 20 0
2233 52 52 0
2234 20 20 0
2235 21 26 0
2236 20 20 0
2237 31 31 0
2238 20 23 0
2239 20 22 0
2240 25 27 2239
2241 20 20 0
2242 24 24 0
2243 21 22 0
2244 21 22 0
2245 20 20 0
2246 20 20 0
2247 20 20 0
2248 20 22 0
2249 24 44 2248
2250 29 29 0
2251 27 27 0
2252 21 21 0
2253 23 25 2252
2254 20 21 0
2255 23 27 2254
2256 21 21 0
2257 23 23 0
2258 22 27 0
2259 27 27 0
2260 23 27 0
2261 22 35 0
2262 22 26 0
2263 22 22 0
2264 24 31 2263
2265 23 26 0
2266 23 23 0
2267 25 30 2266
2268 23 23 0
2269 25 25 2268
2270 23 23 0
2271 24 25 0
2272 23 23 0
2273 22 31 0
2274 33 34 2273
2275 36 52 2274
2276 54 86 2275
2277 88 91 2276
2278 23 37 0
2279 39 40 2278
2280 23 23 0
2281 21 22 0
2282 24 36 2281
2283 23 23 0
2284 24 26 0
2285 21 36 0
2286 26 26 0
2287 24 24 0
2288 23 23 0
2289 24 37 0
2290 39 62 2289
2291 64 77 2290
2292 24 26 0
2293 21 21 0
2294 23 27 2293
2295 29 34 2294
2296 36 60 2295
2297 23 24 0
2298 26 26 2297
2299 22 22 0
2300 25 25 0
2301 22 33 0
2302 35 41 2301
2303 43 53 2302
2304 55 66 2303
2305 68 78 2304
2306 24 25 0
2307 24 34 0
2308 23 26 0
2309 28 28 0
2310 23 23 0
2311 22 22 0
2312 24 31 2311
2313 30 30 0
2314 23 27 0
2315 29 31 2314
2316 33 36 2315
2317 23 30 0
2318 32 32 2317
2319 34 37 2318
2320 39 42 2319
2321 24 24 0
2322 22 24 0
2323 26 26 2322
2324 28 32 2323
2325 36 36 0
2326 24 32 0
2327 34 52 2326
2328 22 53 0
2329 55 70 2328
2330 22 32 0
2331 24 27 0
2332 23 24 0
2333 22 23 0
2334 25 32 2333
2335 34 37 2334
2336 22 22 0
2337 22 28 0
2338 30 30 2337
2339 23 23 0
2340 25 32 2339
2341 34 57 2340
2342 22 22 0
2343 24 26 2342
2344 28 32 2343
2345 34 45 2344
2346 22 32 0
2347 34 52 2346
2348 23 23 0
2349 23 24 0
2350 26 34 2349
2351 21 25 0
2352 23 24 0
2353 26 31 2352
2354 33 48 2353
2355 24 31 0
2356 24 24 0
2357 55 55 0
2358 24 31 0
2359 23 23 0
2360 25 31 2359
2361 21 21 0
2362 23 34 2361
2363 25 25 0
2364 23 23 0
2365 21 22 0
2366 24 29 2365
2367 21 21 0
2368 23 34 2367
2369 23 66 0
2370 21 36 0
2371 39 44 2370
2372 34 34 0
2373 23 37 0
2374 21 25 0
2375 27 28 2374
2376 23 26 0
2377 28 28 2376
2378 23 23 0
2379 26 26 0
2380 21 22 0
2381 24 28 2380
2382 30 32 2381
2383 34 43 2382
2384 22 31 0
2385 21 21 0
2386 21 21 0
2387 21 29 0
2388 31 39 2387
2389 41 47 2388
2390 49 68 2389
2391 70 71 2390
2392 22 24 0
2393 26 28 2392
2394 30 30 2393
2395 32 35 2394
2396 23 26 0
2397 22 23 0
2398 25 35 2397
2399 22 26 0
2400 28 35 2399
2401 23 25 0
2402 22 34 0
2403 26 26 0
2404 21 28 0
2405 30 32 2404
2406 34 60 2405
2407 21 27 0
2408 29 39 2407
2409 41 45 2408
2410 47 66 2409
2411 68 72 2410
2412 49 49 0
2413 23 41 0
2414 24 24 0
2415 26 26 0
2416 23 38 0
2417 40 51 2416
2418 22 35 0
2419 22 23 0
2420 22 22 0
2421 21 21 0
2422 21 23 0
2423 26 26 2422
2424 21 21 0
2425 21 22 0
2426 21 21 0
2427 22 23 0
2428 25 32 2427
2429 21 23 0
2430 21 22 0
2431 22 22 0
2432 21 22 0
2433 24 24 2432
2434 26 41 2433
2435 43 59 2434
2436 22 22 0
2437 22 23 0
2438 25 88 2437
2439 23 23 0
2440 25 26 2439
2441 23 23 0
2442 25 31 2441
2443 22 22 0
2444 22 22 0
2445 23 23 0
2446 22 23 0
2447 25 27 2446
2448 24 24 0
2449 25 25 0
2450 24 24 0
2451 26 27 2450
2452 28 28 0
2453 24 26 0
2454 25 45 0
2455 24 26 0
2456 28 37 2455
2457 39 60 2456
2458 24 27 0
2459 29 43 2458
2460 24 26 0
2461 24 24 0
2462 26 26 2461
2463 24 31 0
2464 24 24 0
2465 26 26 2464
2466 26 26 0
2467 24 24 0
2468 24 27 0
2469 24 30 0
2470 32 49 2469
2471 25 30 0
2472 24 26 0
2473 28 30 2472
2474 33 52 2473
2475 24 25 0
2476 25 25 0
2477 24 26 0
2478 28 30 2477
2479 24 25 0
2480 27 30 2479
2481 25 44 0
2482 46 53 2481
2483 24 27 0
2484 29 34 2483
2485 36 37 2484
2486 36 36 0
2487 26 30 0
2488 25 25 0
2489 25 42 0
2490 26 29 0
2491 31 37 2490
2492 39 40 2491
2493 31 31 0
2494 25 29 0
2495 31 34 2494
2496 25 34 0
2497 36 36 2496
2498 38 42 2497
2499 44 47 2498
2500 25 40 0
2501 43 45 2500
2502 47 49 2501
2503 28 28 0
2504 26 28 0
2505 30 30 2504
2506 28 41 0
2507 43 52 2506
2508 49 49 0
2509 25 25 0
2510 67 67 0
2511 27 27 0
2512 27 27 0
2513 28 31 0
2514 26 26 0
2515 28 28 0
2516 31 31 0
2517 26 26 0
2518 28 29 2517
2519 31 48 2518
2520 26 30 0
2521 32 32 0
2522 25 63 0
2523 65 79 2522
2524 27 27 0
2525 27 33 0
2526 35 48 2525
2527 50 58 2526
2528 27 30 0
2529 26 43 0
2530 26 28 0
2531 31 35 2530
2532 37 50 2531
2533 52 54 2532
2534 56 62 2533
2535 27 27 0
2536 26 30 0
2537 32 32 2536
2538 34 36 2537
2539 38 43 2538
2540 27 32 0
2541 34 36 2540
2542 27 27 0
2543 38 38 0
2544 27 30 0
2545 32 32 0
2546 26 33 0
2547 35 44 2546
2548 26 29 0
2549 31 36 2548
2550 38 45 2549
2551 26 26 0
2552 28 31 2551
2553 33 39 2552
2554 27 40 0
2555 42 45 2554
2556 26 28 0
2557 30 31 2556
2558 33 44 2557
2559 38 38 0
2560 25 29 0
2561 31 42 2560
2562 27 35 0
2563 30 30 0
2564 28 28 0
2565 27 39 0
2566 26 33 0
2567 27 27 0
2568 29 30 2567
2569 25 28 0
2570 30 35 2569
2571 25 27 0
2572 30 35 2571
2573 26 30 0
2574 25 25 0
2575 32 32 0
2576 28 28 0
2577 25 91 0
2578 26 30 0
2579 30 30 0
2580 26 26 0
2581 28 29 2580
2582 31 38 2581
2583 40 54 2582
2584 28 34 0
2585 26 26 0
2586 28 29 2585
2587 31 36 2586
2588 26 55 0
2589 57 65 2588
2590 67 80 2589
2591 28 28 0
2592 26 26 0
2593 28 36 2592
2594 38 47 2593
2595 28 28 0
2596 26 31 0
2597 33 37 2596
2598 39 48 2597
2599 50 61 2598
2600 26 30 0
2601 32 35 2600
2602 33 33 0
2603 26 26 0
2604 27 41 0
2605 43 58 2604
2606 60 62 2605
2607 29 29 0
2608 27 49 0
2609 27 40 0
2610 51 51 0
2611 27 34 0
2612 36 46 2611
2613 48 49 2612
2614 26 30 0
2615 33 35 2614
2616 26 26 0
2617 36 36 0
2618 27 27 0
2619 28 37 0
2620 25 25 0
2621 27 28 0
2622 30 39 2621
2623 27 28 0
2624 30 37 2623
2625 27 31 0
2626 33 34 2625
2627 36 47 2626
2628 25 27 0
2629 29 30 2628
2630 27 35 0
2631 25 25 0
2632 27 37 2631
2633 33 33 0
2634 27 27 0
2635 60 60 0
2636 26 32 0
2637 27 37 0
2638 39 42 2637
2639 25 25 0
2640 27 32 2639
2641 25 29 0
2642 31 32 2641
2643 34 46 2642
2644 48 56 2643
2645 30 30 0
2646 25 25 0
2647 26 26 0
2648 26 32 0
2649 25 25 0
2650 25 27 0
2651 29 31 2650
2652 28 28 0
2653 27 55 0
2654 25 32 0
2655 34 50 2654
2656 52 91 2655
2657 27 28 0
2658 30 31 2657
2659 33 34 2658
2660 26 26 0
2661 29 35 2660
2662 34 34 0
2663 26 27 0
2664 29 38 2663
2665 26 27 0
2666 27 27 0
2667 25 27 0
2668 29 52 2667
2669 54 63 2668
2670 65 70 2669
2671 72 76 2670
2672 79 84 2671
2673 26 26 0
2674 26 26 0
2675 26 27 0
2676 29 32 2675
2677 33 33 0
2678 26 27 0
2679 26 26 0
2680 26 26 0
2681 27 27 0
2682 27 27 0
2683 26 26 0
2684 32 32 0
2685 25 26 0
2686 29 38 2685
2687 40 45 2686
2688 26 27 0
2689 26 27 0
2690 26 26 0
2691 27 27 0
2692 27 27 0
2693 27 27 0
2694 29 32 2693
2695 34 40 2694
2696 26 26 0
2697 26 26 0
2698 26 26 0
2699 26 26 0
2700 26 26 0
2701 26 27 0
2702 26 26 0
2703 27 27 0
2704 27 27 0
2705 25 26 0
2706 25 26 0
2707 28 30 2706
2708 25 26 0
2709 26 26 0
2710 25 25 0
2711 28 33 2710
2712 35 38 2711
2713 26 26 0
2714 28 37 2713
2715 26 26 0
2716 26 26 0
2717 25 25 0
2718 26 26 0
2719 29 45 0
2720 28 41 0
2721 43 66 2720
2722 28 28 0
2723 29 45 0
2724 29 29 0
2725 28 32 0
2726 34 44 2725
2727 29 29 0
2728 29 37 0
2729 29 31 0
2730 30 33 0
2731 31 31 0
2732 29 32 0
2733 34 34 2732
2734 40 40 0
2735 29 33 0
2736 35 37 2735
2737 39 53 2736
2738 30 32 0
2739 29 37 0
2740 29 30 0
2741 30 41 0
2742 43 52 2741
2743 54 56 2742
2744 30 31 0
2745 33 35 2744
2746 37 38 2745
2747 30 33 0
2748 35 52 2747
2749 29 29 0
2750 30 30 0
2751 29 65 0
2752 29 29 0
2753 30 38 0
2754 30 30 0
2755 31 31 0
2756 29 31 0
2757 29 32 0
2758 34 42 2757
2759 44 50 2758
2760 29 54 0
2761 57 65 2760
2762 29 29 0
2763 31 31 2762
2764 29 32 0
2765 29 31 0
2766 33 33 2765
2767 35 36 2766
2768 30 30 0
2769 30 30 0
2770 30 30 0
2771 30 31 0
2772 33 37 2771
2773 29 34 0
2774 29 29 0
2775 29 29 0
2776 29 29 0
2777 30 42 0
2778 44 48 2777
2779 33 33 0
2780 29 29 0
2781 31 34 2780
2782 36 45 2781
2783 47 60 2782
2784 29 31 0
2785 33 36 2784
2786 38 39 2785
2787 41 42 2786
2788 30 30 0
2789 29 29 0
2790 29 50 0
2791 52 87 2790
2792 89 91 2791
2793 33 33 0
2794 29 29 0
2795 31 32 0
2796 34 34 2795
2797 32 32 0
2798 32 36 0
2799 38 44 2798
2800 32 32 0
2801 32 42 0
2802 30 30 0
2803 32 47 2802
2804 49 52 2803
2805 31 41 0
2806 43 60 2805
2807 62 68 2806
2808 30 36 0
2809 38 39 2808
2810 41 86 2809
2811 31 31 0
2812 30 30 0
2813 31 49 0
2814 30 37 0
2815 39 42 2814
2816 31 31 0
2817 33 37 2816
2818 39 43 2817
2819 45 49 2818
2820 31 31 0
2821 31 45 0
2822 47 50 2821
2823 30 48 0
2824 50 61 2823
2825 63 67 2824
2826 69 85 2825
2827 87 91 2826
2828 31 49 0
2829 31 34 0
2830 30 30 0
2831 30 31 0
2832 33 36 2831
2833 46 46 0
2834 30 32 0
2835 34 65 2834
2836 31 31 0
2837 31 32 0
2838 33 33 0
2839 32 32 0
2840 32 32 0
2841 31 33 0
2842 35 58 2841
2843 60 66 2842
2844 68 74 2843
2845 31 31 0
2846 32 32 0
2847 33 33 0
2848 31 33 0
2849 35 39 2848
2850 41 46 2849
2851 48 50 2850
2852 31 31 0
2853 31 37 0
2854 31 34 0
2855 31 33 0
2856 31 31 0
2857 30 30 0
2858 30 30 0
2859 31 31 0
2860 33 38 2859
2861 32 32 0
2862 30 30 0
2863 30 30 0
2864 34 34 0
2865 31 33 0
2866 31 31 0
2867 33 33 2866
2868 30 32 0
2869 39 39 0
2870 32 32 0
2871 31 31 0
2872 33 34 2871
2873 30 30 0
2874 31 48 0
2875 32 42 0
2876 30 31 0
2877 33 33 2876
2878 32 32 0
2879 31 31 0
2880 31 74 0
2881 76 77 2880
2882 79 83 2881
2883 31 31 0
2884 30 32 0
2885 34 48 2884
2886 32 32 0
2887 44 44 0
2888 30 32 0
2889 34 35 2888
2890 45 45 0
2891 31 31 0
2892 30 32 0
2893 34 53 2892
2894 55 75 2893
2895 77 83 2894
2896 85 90 2895
2897 30 30 0
2898 32 38 2897
2899 46 46 0
2900 30 56 0
2901 31 32 0
2902 30 31 0
2903 33 57 2902
2904 30 43 0
2905 45 47 2904
2906 49 72 2905
2907 31 32 0
2908 34 38 2907
2909 31 31 0
2910 33 34 2909
2911 34 34 0
2912 32 34 0
2913 32 33 0
2914 30 30 0
2915 30 37 0
2916 39 40 2915
2917 42 42 2916
2918 30 30 0
2919 34 34 0
2920 34 34 0
2921 31 54 0
2922 32 32 0
2923 30 30 0
2924 31 31 0
2925 30 31 0
2926 33 52 2925
2927 54 67 2926
2928 69 73 2927
2929 75 76 2928
2930 78 79 2929
2931 81 86 2930
2932 30 30 0
2933 30 30 0
2934 30 30 0
2935 30 30 0
2936 31 31 0
2937 31 31 0
2938 34 34 0
2939 30 30 0
2940 31 31 0
2941 30 30 0
2942 30 31 0
2943 33 36 0
2944 32 37 0
2945 39 57 2944
2946 32 32 0
2947 33 38 0
2948 32 33 0
2949 32 32 0
2950 33 33 0
2951 33 45 0
2952 33 37 0
2953 32 34 0
2954 32 35 0
2955 37 37 2954
2956 32 32 0
2957 34 44 2956
2958 33 33 0
2959 32 34 0
2960 33 44 0
2961 39 39 0
2962 33 34 0
2963 32 36 0
2964 38 47 2963
2965 32 33 0
2966 35 38 2965
2967 32 32 0
2968 32 32 0
2969 32 32 0
2970 32 34 0
2971 36 41 2970
2972 43 74 2971
2973 33 49 0
2974 32 34 0
2975 36 36 2974
2976 38 41 2975
2977 43 52 2976
2978 32 32 0
2979 33 37 0
2980 33 49 0
2981 32 32 0
2982 55 55 0
2983 33 33 0
2984 32 32 0
2985 32 38 0
2986 40 41 2985
2987 43 54 2986
2988 56 87 2987
2989 89 91 2988
2990 34 36 0
2991 34 34 0
2992 33 33 0
2993 35 36 2992
2994 37 37 0
2995 35 40 0
2996 34 36 0
2997 38 45 2996
2998 34 34 0
2999 34 45 0
3000 47 48 2999
3001 33 40 0
3002 42 44 3001
3003 34 36 0
3004 39 41 3003
3005 33 33 0
3006 41 41 0
3007 36 36 0
3008 33 38 0
3009 40 43 3008
3010 45 52 3009
3011 54 60 3010
3012 35 35 0
3013 34 44 0
3014 34 58 0
3015 60 62 3014
3016 34 34 0
3017 36 36 0
3018 33 33 0
3019 39 39 0
3020 33 33 0
3021 33 34 0
3022 36 37 3021
3023 35 37 0
3024 36 36 0
3025 34 35 0
3026 34 41 0
3027 43 49 3026
3028 51 80 3027
3029 82 89 3028
3030 35 35 0
3031 33 37 0
3032 37 37 0
3033 33 55 0
3034 52 52 0
3035 47 47 0
3036 33 33 0
3037 34 34 0
3038 34 41 0
3039 34 57 0
3040 59 60 3039
3041 62 79 3040
3042 81 91 3041
3043 35 35 0
3044 35 36 0
3045 34 34 0
3046 35 36 0
3047 38 43 3046
3048 33 36 0
3049 38 53 3048
3050 55 84 3049
3051 34 34 0
3052 33 34 0
3053 36 36 3052
3054 38 44 3053
3055 35 60 0
3056 38 38 0
3057 34 43 0
3058 46 52 3057
3059 54 64 3058
3060 66 72 3059
3061 74 91 3060
3062 33 33 0
3063 33 34 0
3064 33 33 0
3065 34 34 0
3066 34 34 0
3067 36 37 3066
3068 34 34 0
3069 36 37 3068
3070 34 34 0
3071 36 43 3070
3072 33 34 0
3073 36 36 3072
3074 38 43 3073
3075 33 33 0
3076 35 41 0
3077 43 43 3076
3078 46 46 0
3079 35 35 0
3080 35 86 0
3081 41 41 0
3082 36 36 0
3083 35 35 0
3084 37 39 3083
3085 41 50 3084
3086 35 45 0
3087 48 50 3086
3088 35 35 0
3089 37 39 3088
3090 35 35 0
3091 35 35 0
3092 35 45 0
3093 47 51 3092
3094 53 66 3093
3095 40 40 0
3096 36 39 0
3097 44 44 0
3098 35 41 0
3099 44 46 3098
3100 48 57 3099
3101 59 62 3100
3102 35 47 0
3103 50 52 3102
3104 35 53 0
3105 55 57 3104
3106 60 80 3105
3107 35 35 0
3108 35 36 0
3109 39 51 3108
3110 53 64 3109
3111 35 35 0
3112 35 36 0
3113 35 44 0
3114 36 36 0
3115 38 50 3114
3116 52 69 3115
3117 35 36 0
3118 38 38 3117
3119 40 40 3118
3120 42 62 3119
3121 35 36 0
3122 39 52 3121
3123 54 62 3122
3124 37 37 0
3125 36 36 0
3126 38 38 0
3127 37 37 0
3128 48 48 0
3129 36 37 0
3130 36 37 0
3131 39 42 3130
3132 35 35 0
3133 35 35 0
3134 37 37 3133
3135 35 35 0
3136 37 37 0
3137 36 36 0
3138 36 37 0
3139 36 38 0
3140 36 45 0
3141 47 61 3140
3142 37 42 0
3143 36 38 0
3144 40 42 3143
3145 39 39 0
3146 36 36 0
3147 36 40 0
3148 39 39 0
3149 91 91 0
3150 36 36 0
3151 36 36 0
3152 36 37 0
3153 37 40 0
3154 36 36 0
3155 36 45 0
3156 47 55 3155
3157 36 37 0
3158 40 41 3157
3159 43 47 3158
3160 37 41 0
3161 43 44 3160
3162 36 38 0
3163 40 63 3162
3164 65 78 3163
3165 37 37 0
3166 36 44 0
3167 46 55 3166
3168 37 44 0
3169 43 43 0
3170 36 36 0
3171 38 42 3170
3172 44 45 3171
3173 37 37 0
3174 40 40 0
3175 38 43 0
3176 39 39 0
3177 37 54 0
3178 57 60 3177
3179 38 44 0
3180 46 52 3179
3181 54 68 3180
3182 70 72 3181
3183 41 41 0
3184 52 52 0
3185 40 42 0
3186 42 42 0
3187 40 42 0
3188 40 51 0
3189 53 58 3188
3190 60 62 3189
3191 64 91 3190
3192 38 38 0
3193 40 51 3192
3194 53 56 3193
3195 58 91 3194
3196 40 40 0
3197 39 44 0
3198 46 47 3197
3199 62 62 0
3200 38 38 0
3201 39 41 0
3202 43 51 3201
3203 37 37 0
3204 39 56 3203
3205 40 42 0
3206 39 40 0
3207 37 46 0
3208 48 50 3207
3209 52 57 3208
3210 59 60 3209
3211 62 68 3210
3212 39 39 0
3213 41 87 3212
3214 89 91 3213
3215 40 42 0
3216 39 40 0
3217 42 45 3216
3218 52 52 0
3219 40 48 0
3220 50 67 3219
3221 38 50 0
3222 52 56 3221
3223 41 41 0
3224 39 47 0
3225 49 50 3224
3226 38 43 0
3227 38 38 0
3228 40 45 3227
3229 39 39 0
3230 41 55 3229
3231 38 42 0
3232 44 48 3231
3233 40 43 0
3234 40 40 0
3235 40 40 0
3236 40 40 0
3237 40 40 0
3238 39 39 0
3239 40 43 0
3240 39 57 0
3241 59 70 3240
3242 72 73 3241
3243 75 87 3242
3244 40 41 0
3245 40 40 0
3246 48 48 0
3247 40 40 0
3248 40 40 0
3249 38 38 0
3250 40 73 3249
3251 39 45 0
3252 38 47 0
3253 39 40 0
3254 39 48 0
3255 40 40 0
3256 61 61 0
3257 39 50 0
3258 52 55 3257
3259 38 89 0
3260 38 39 0
3261 37 37 0
3262 39 77 3261
3263 38 40 0
3264 37 38 0
3265 40 41 3264
3266 43 48 3265
3267 38 49 0
3268 38 45 0
3269 47 48 3268
3270 39 41 0
3271 43 44 3270
3272 46 57 3271
3273 59 60 3272
3274 38 41 0
3275 43 54 3274
3276 56 76 3275
3277 39 42 0
3278 37 42 0
3279 38 43 0
3280 41 41 0
3281 38 57 0
3282 59 60 3281
3283 62 64 3282
3284 37 40 0
3285 42 43 3284
3286 38 47 0
3287 49 52 3286
3288 37 41 0
3289 43 43 3288
3290 39 39 0
3291 40 40 0
3292 37 37 0
3293 40 40 0
3294 40 63 0
3295 65 67 3294
3296 69 78 3295
3297 40 43 0
3298 45 49 3297
3299 37 37 0
3300 46 46 0
3301 39 40 0
3302 42 71 3301
3303 37 38 0
3304 40 41 3303
3305 43 47 3304
3306 49 53 3305
3307 37 38 0
3308 40 57 3307
3309 39 39 0
3310 39 39 0
3311 41 41 3310
3312 42 42 0
3313 39 39 0
3314 38 41 0
3315 39 40 0
3316 42 45 3315
3317 38 48 0
3318 40 40 0
3319 38 44 0
3320 46 49 3319
3321 38 38 0
3322 38 50 0
3323 38 40 0
3324 37 88 0
3325 39 50 0
3326 52 88 3325
3327 40 46 0
3328 48 65 3327
3329 67 73 3328
3330 40 42 0
3331 40 40 0
3332 39 43 0
3333 45 64 3332
3334 66 83 3333
3335 38 40 0
3336 42 43 3335
3337 48 48 0
3338 40 53 0
3339 55 63 3338
3340 40 62 0
3341 39 44 0
3342 46 57 3341
3343 59 83 3342
3344 85 90 3343
3345 38 40 0
3346 42 42 3345
3347 44 51 3346
3348 53 58 3347
3349 60 65 3348
3350 38 38 0
3351 41 41 0
3352 37 37 0
3353 39 54 3352
3354 38 38 0
3355 45 45 0
3356 39 60 0
3357 40 44 0
3358 46 50 3357
3359 39 39 0
3360 41 42 3359
3361 37 37 0
3362 37 39 0
3363 37 39 0
3364 41 41 0
3365 38 38 0
3366 37 37 0
3367 39 39 0
3368 37 37 0
3369 39 39 3368
3370 37 37 0
3371 37 37 0
3372 37 37 0
3373 37 37 0
3374 38 38 0
3375 38 38 0
3376 37 37 0
3377 37 38 0
3378 41 54 3377
3379 37 39 0
3380 37 37 0
3381 39 39 3380
3382 37 38 0
3383 39 39 0
3384 37 39 0
3385 38 39 0
3386 38 38 0
3387 37 37 0
3388 40 43 0
3389 46 54 3388
3390 40 41 0
3391 40 40 0
3392 40 43 0
3393 45 46 3392
3394 48 55 3393
3395 57 68 3394
3396 70 79 3395
3397 81 88 3396
3398 40 41 0
3399 43 44 3398
3400 46 47 3399
3401 40 41 0
3402 43 48 3401
3403 41 41 0
3404 41 57 0
3405 40 43 0
3406 45 45 3405
3407 41 42 0
3408 44 48 3407
3409 40 40 0
3410 43 60 3409
3411 40 40 0
3412 41 41 0
3413 40 45 0
3414 47 80 3413
3415 82 91 3414
3416 41 41 0
3417 40 41 0
3418 43 44 3417
3419 40 41 0
3420 41 43 0
3421 45 54 3420
3422 41 43 0
3423 40 56 0
3424 58 65 3423
3425 67 72 3424
3426 74 84 3425
3427 86 91 3426
3428 40 40 0
3429 41 57 0
3430 44 44 0
3431 41 52 0
3432 40 40 0
3433 40 50 0
3434 52 54 3433
3435 56 62 3434
3436 40 41 0
3437 43 57 3436
3438 38 38 0
3439 38 38 0
3440 39 39 0
3441 41 44 3440
3442 46 59 3441
3443 61 81 3442
3444 38 39 0
3445 41 65 3444
3446 67 80 3445
3447 38 39 0
3448 38 38 0
3449 41 57 3448
3450 41 41 0
3451 41 41 0
3452 43 47 3451
3453 49 52 3452
3454 42 49 0
3455 42 44 0
3456 46 62 3455
3457 42 47 0
3458 42 46 0
3459 48 50 3458
3460 41 49 0
3461 51 62 3460
3462 42 46 0
3463 48 54 3462
3464 42 45 0
3465 48 48 0
3466 41 41 0
3467 43 44 3466
3468 46 50 3467
3469 52 55 3468
3470 57 76 3469
3471 43 43 0
3472 42 44 0
3473 46 49 3472
3474 41 41 0
3475 41 41 0
3476 41 46 0
3477 48 48 3476
3478 41 41 0
3479 42 54 0
3480 41 41 0
3481 43 52 3480
3482 54 63 3481
3483 65 70 3482
3484 41 52 0
3485 54 57 3484
3486 60 84 3485
3487 86 87 3486
3488 89 91 3487
3489 41 42 0
3490 41 41 0
3491 42 45 0
3492 41 41 0
3493 41 41 0
3494 74 74 0
3495 42 42 0
3496 42 45 0
3497 42 45 0
3498 41 46 0
3499 48 48 3498
3500 50 55 3499
3501 42 42 0
3502 42 42 0
3503 44 55 3502
3504 41 46 0
3505 48 50 3504
3506 52 55 3505
3507 42 43 0
3508 41 87 0
3509 47 47 0
3510 41 41 0
3511 43 44 3510
3512 41 41 0
3513 48 48 0
3514 42 53 0
3515 45 45 0
3516 41 41 0
3517 43 43 0
3518 42 47 0
3519 42 42 0
3520 42 42 0
3521 42 45 0
3522 47 64 3521
3523 42 42 0
3524 42 60 0
3525 62 64 3524
3526 42 43 0
3527 42 43 0
3528 42 45 0
3529 47 50 3528
3530 42 45 0
3531 47 47 3530
3532 49 62 3531
3533 42 65 0
3534 67 68 3533
3535 70 81 3534
3536 83 91 3535
3537 42 46 0
3538 48 48 3537
3539 43 44 0
3540 42 48 0
3541 51 55 3540
3542 43 43 0
3543 42 42 0
3544 42 46 0
3545 48 53 3544
3546 42 42 0
3547 42 42 0
3548 44 44 3547
3549 42 45 0
3550 42 42 0
3551 44 48 3550
3552 43 45 0
3553 43 50 0
3554 42 42 0
3555 42 45 0
3556 47 55 3555
3557 43 43 0
3558 45 45 3557
3559 61 61 0
3560 43 46 0
3561 43 44 0
3562 44 44 0
3563 43 48 0
3564 50 72 3563
3565 75 79 3564
3566 44 44 0
3567 43 47 0
3568 49 80 3567
3569 44 44 0
3570 43 91 0
3571 43 45 0
3572 47 48 3571
3573 50 51 3572
3574 53 60 3573
3575 43 43 0
3576 43 44 0
3577 44 45 0
3578 43 43 0
3579 43 44 0
3580 50 50 0
3581 44 59 0
3582 51 51 0
3583 44 44 0
3584 43 49 0
3585 51 58 3584
3586 60 66 3585
3587 68 72 3586
3588 43 43 0
3589 44 44 0
3590 43 43 0
3591 44 54 0
3592 43 45 0
3593 47 48 3592
3594 43 43 0
3595 44 45 0
3596 43 43 0
3597 44 45 0
3598 43 44 0
3599 46 62 3598
3600 44 45 0
3601 43 44 0
3602 46 50 3601
3603 43 43 0
3604 55 55 0
3605 44 44 0
3606 43 44 0
3607 46 50 3606
3608 43 44 0
3609 46 46 3608
3610 48 58 3609
3611 60 62 3610
3612 57 57 0
3613 45 45 0
3614 44 52 0
3615 43 43 0
3616 43 43 0
3617 46 46 0
3618 44 60 0
3619 43 43 0
3620 60 60 0
3621 48 48 0
3622 44 44 0
3623 44 54 0
3624 44 45 0
3625 43 48 0
3626 50 63 3625
3627 65 76 3626
3628 78 85 3627
3629 43 43 0
3630 43 43 0
3631 45 71 3630
3632 44 48 0
3633 47 47 0
3634 44 49 0
3635 51 52 3634
3636 43 43 0
3637 43 43 0
3638 50 50 0
3639 61 61 0
3640 44 49 0
3641 43 48 0
3642 50 57 3641
3643 59 68 3642
3644 50 50 0
3645 44 44 0
3646 44 46 0
3647 48 50 3646
3648 44 45 0
3649 47 47 3648
3650 44 45 0
3651 47 47 3650
3652 49 50 3651
3653 44 46 0
3654 44 57 0
3655 44 51 0
3656 53 53 3655
3657 55 65 3656
3658 67 91 3657
3659 44 51 0
3660 53 67 3659
3661 44 46 0
3662 48 54 3661
3663 44 44 0
3664 44 52 0
3665 44 44 0
3666 60 60 0
3667 44 49 0
3668 45 45 0
3669 44 44 0
3670 44 45 0
3671 47 56 3670
3672 44 45 0
3673 47 47 3672
3674 49 64 3673
3675 66 72 3674
3676 74 91 3675
3677 47 47 0
3678 45 45 0
3679 47 50 3678
3680 48 48 0
3681 45 49 0
3682 44 46 0
3683 48 69 3682
3684 45 45 0
3685 44 64 0
3686 66 91 3685
3687 44 44 0
3688 49 49 0
3689 45 46 0
3690 48 48 3689
3691 46 59 0
3692 45 45 0
3693 45 48 0
3694 50 60 3693
3695 45 45 0
3696 45 45 0
3697 45 45 0
3698 46 64 0
3699 51 51 0
3700 45 45 0
3701 45 46 0
3702 48 48 3701
3703 45 53 0
3704 45 63 0
3705 65 66 3704
3706 68 74 3705
3707 46 46 0
3708 45 53 0
3709 55 56 3708
3710 46 50 0
3711 46 46 0
3712 45 57 0
3713 59 64 3712
3714 66 80 3713
3715 45 45 0
3716 46 46 0
3717 46 47 0
3718 45 46 0
3719 48 54 3718
3720 56 67 3719
3721 69 78 3720
3722 45 56 0
3723 58 63 3722
3724 46 48 0
3725 46 57 0
3726 59 62 3725
3727 45 45 0
3728 48 48 0
3729 46 61 0
3730 46 46 0
3731 45 57 0
3732 49 49 0
3733 45 50 0
3734 52 58 3733
3735 60 71 3734
3736 73 75 3735
3737 77 89 3736
3738 45 46 0
3739 46 51 0
3740 45 45 0
3741 45 46 0
3742 48 55 3741
3743 57 63 3742
3744 65 84 3743
3745 86 87 3744
3746 89 91 3745
3747 47 47 0
3748 47 66 0
3749 47 59 0
3750 47 47 0
3751 47 57 0
3752 46 52 0
3753 54 57 3752
3754 59 62 3753
3755 47 50 0
3756 49 49 0
3757 46 46 0
3758 48 52 3757
3759 46 48 0
3760 50 55 3759
3761 59 59 0
3762 47 52 0
3763 46 48 0
3764 46 52 0
3765 47 47 0
3766 46 46 0
3767 48 48 3766
3768 50 50 0
3769 46 46 0
3770 48 48 3769
3771 47 47 0
3772 46 52 0
3773 54 55 3772
3774 57 70 3773
3775 47 48 0
3776 46 46 0
3777 46 47 0
3778 50 53 3777
3779 55 71 3778
3780 46 49 0
3781 51 53 3780
3782 47 50 0
3783 52 52 3782
3784 54 55 3783
3785 47 48 0
3786 49 49 0
3787 62 62 0
3788 47 57 0
3789 48 48 0
3790 47 47 0
3791 49 52 3790
3792 54 55 3791
3793 63 63 0
3794 47 47 0
3795 54 54 0
3796 47 47 0
3797 48 50 0
3798 47 50 0
3799 52 61 3798
3800 63 91 3799
3801 48 48 0
3802 50 60 3801
3803 47 47 0
3804 49 49 3803
3805 47 47 0
3806 49 49 3805
3807 47 55 0
3808 57 59 3807
3809 47 64 0
3810 50 50 0
3811 48 77 0
3812 48 52 0
3813 54 62 3812
3814 47 47 0
3815 48 48 0
3816 50 52 3815
3817 47 48 0
3818 49 49 0
3819 47 53 0
3820 55 55 3819
3821 47 47 0
3822 47 50 0
3823 52 53 3822
3824 47 47 0
3825 47 52 0
3826 54 91 3825
3827 47 52 0
3828 55 62 3827
3829 47 61 0
3830 63 65 3829
3831 47 49 0
3832 48 49 0
3833 48 51 0
3834 53 54 3833
3835 48 91 0
3836 48 48 0
3837 49 52 0
3838 48 48 0
3839 54 54 0
3840 48 49 0
3841 49 49 0
3842 48 51 0
3843 49 67 0
3844 49 51 0
3845 56 56 0
3846 52 52 0
3847 48 67 0
3848 69 72 3847
3849 74 83 3848
3850 48 49 0
3851 49 58 0
3852 51 51 0
3853 49 58 0
3854 60 62 3853
3855 49 49 0
3856 48 51 0
3857 48 49 0
3858 51 51 3857
3859 53 54 3858
3860 56 59 3859
3861 61 62 3860
3862 48 48 0
3863 49 51 0
3864 53 54 3863
3865 48 53 0
3866 56 58 3865
3867 60 72 3866
3868 49 49 0
3869 48 48 0
3870 49 50 0
3871 52 60 3870
3872 49 49 0
3873 48 51 0
3874 54 54 3873
3875 56 62 3874
3876 48 68 0
3877 70 74 3876
3878 76 81 3877
3879 84 91 3878
3880 49 49 0
3881 48 50 0
3882 52 54 3881
3883 48 48 0
3884 48 49 0
3885 48 48 0
3886 50 56 3885
3887 48 48 0
3888 51 51 0
3889 48 49 0
3890 51 62 3889
3891 48 48 0
3892 49 49 0
3893 49 51 0
3894 49 52 0
3895 54 62 3894
3896 64 84 3895
3897 48 51 0
3898 53 57 3897
3899 59 60 3898
3900 62 74 3899
3901 77 90 3900
3902 48 48 0
3903 49 49 0
3904 48 48 0
3905 49 49 0
3906 53 53 0
3907 48 48 0
3908 49 78 0
3909 49 49 0
3910 49 53 0
3911 49 49 0
3912 48 48 0
3913 48 48 0
3914 54 54 0
3915 48 49 0
3916 49 49 0
3917 50 50 0
3918 48 54 0
3919 57 85 3918
3920 87 91 3919
3921 49 49 0
3922 48 48 0
3923 51 62 3922
3924 48 48 0
3925 50 50 0
3926 54 54 0
3927 48 48 0
3928 49 60 0
3929 62 64 3928
3930 48 50 0
3931 52 56 3930
3932 58 62 3931
3933 64 77 3932
3934 79 83 3933
3935 85 86 3934
3936 88 90 3935
3937 48 48 0
3938 48 48 0
3939 50 50 3938
3940 52 57 3939
3941 48 48 0
3942 52 52 0
3943 49 49 0
3944 73 73 0
3945 51 51 0
3946 48 48 0
3947 48 48 0
3948 48 48 0
3949 49 49 0
3950 51 51 0
3951 48 48 0
3952 48 48 0
3953 51 51 0
3954 48 48 0
3955 49 49 0
3956 49 49 0
3957 48 48 0
3958 49 54 0
3959 48 48 0
3960 48 49 0
3961 51 52 3960
3962 49 52 0
3963 54 56 3962
3964 59 63 3963
3965 65 68 3964
3966 49 51 0
3967 49 51 0
3968 50 50 0
3969 49 65 0
3970 50 54 0
3971 50 55 0
3972 58 63 3971
3973 50 52 0
3974 50 53 0
3975 55 60 3974
3976 62 65 3975
3977 50 50 0
3978 49 54 0
3979 49 49 0
3980 50 52 0
3981 54 81 3980
3982 83 86 3981
3983 88 90 3982
3984 50 53 0
3985 56 63 3984
3986 65 75 3985
3987 50 53 0
3988 55 56 3987
3989 49 50 0
3990 52 53 3989
3991 55 70 3990
3992 72 76 3991
3993 51 51 0
3994 50 56 0
3995 50 60 0
3996 62 77 3995
3997 79 80 3996
3998 50 51 0
3999 49 51 0
4000 53 55 3999
4001 57 63 4000
4002 65 71 4001
4003 50 51 0
4004 49 49 0
4005 51 51 4004
4006 53 53 0
4007 49 50 0
4008 52 54 4007
4009 50 54 0
4010 56 70 4009
4011 72 88 4010
4012 90 91 4011
4013 50 50 0
4014 50 50 0
4015 51 56 0
4016 50 50 0
4017 50 83 0
4018 85 91 4017
4019 51 67 0
4020 69 74 4019
4021 51 51 0
4022 50 50 0
4023 51 56 0
4024 58 62 4023
4025 64 68 4024
4026 70 74 4025
4027 60 60 0
4028 50 50 0
4029 51 56 0
4030 49 53 0
4031 55 62 4030
4032 64 70 4031
4033 72 77 4032
4034 79 88 4033
4035 50 53 0
4036 55 58 4035
4037 60 62 4036
4038 64 77 4037
4039 56 56 0
4040 49 49 0
4041 51 68 4040
4042 49 49 0
4043 51 55 4042
4044 49 49 0
4045 50 50 0
4046 49 62 0
4047 64 91 4046
4048 50 52 0
4049 50 54 0
4050 53 53 0
4051 49 49 0
4052 51 64 4051
4053 51 51 0
4054 49 53 0
4055 55 56 4054
4056 49 54 0
4057 56 60 4056
4058 49 49 0
4059 51 75 4058
4060 49 49 0
4061 51 75 4060
4062 77 81 4061
4063 83 89 4062
4064 50 53 0
4065 55 60 4064
4066 62 62 4065
4067 51 59 0
4068 49 49 0
4069 53 53 0
4070 51 75 0
4071 49 49 0
4072 49 49 0
4073 49 49 0
4074 51 54 0
4075 56 69 4074
4076 50 50 0
4077 50 53 0
4078 50 51 0
4079 53 54 4078
4080 51 83 0
4081 50 52 0
4082 54 56 4081
4083 58 63 4082
4084 65 78 4083
4085 80 87 4084
4086 89 91 4085
4087 51 52 0
4088 54 58 4087
4089 50 51 0
4090 51 54 0
4091 50 52 0
4092 54 65 4091
4093 50 50 0
4094 50 50 0
4095 51 54 0
4096 50 50 0
4097 50 55 0
4098 57 62 4097
4099 49 50 0
4100 53 58 4099
4101 60 62 4100
4102 64 72 4101
4103 50 50 0
4104 52 62 4103
4105 49 49 0
4106 50 50 0
4107 49 50 0
4108 50 50 0
4109 50 50 0
4110 52 52 0
4111 52 52 0
4112 51 51 0
4113 53 53 4112
4114 55 57 4113
4115 59 68 4114
4116 52 55 0
4117 57 65 4116
4118 51 51 0
4119 52 60 0
4120 62 79 4119
4121 81 83 4120
4122 57 57 0
4123 51 52 0
4124 54 77 4123
4125 52 63 0
4126 65 67 4125
4127 66 66 0
4128 52 58 0
4129 60 63 4128
4130 77 77 0
4131 51 53 0
4132 55 55 4131
4133 51 51 0
4134 52 52 0
4135 51 52 0
4136 54 65 4135
4137 67 68 4136
4138 52 52 0
4139 52 53 0
4140 51 53 0
4141 56 60 4140
4142 51 58 0
4143 61 68 4142
4144 70 75 4143
4145 77 79 4144
4146 51 51 0
4147 55 55 0
4148 51 60 0
4149 62 81 4148
4150 52 55 0
4151 51 51 0
4152 51 52 0
4153 54 55 4152
4154 51 51 0
4155 52 52 0
4156 51 51 0
4157 53 62 4156
4158 51 51 0
4159 53 54 4158
4160 51 53 0
4161 55 56 4160
4162 58 68 4161
4163 70 82 4162
4164 52 52 0
4165 54 65 4164
4166 51 51 0
4167 54 56 4166
4168 58 63 4167
4169 65 74 4168
4170 76 79 4169
4171 81 91 4170
4172 52 55 0
4173 51 51 0
4174 51 58 0
4175 60 60 4174
4176 79 79 0
4177 64 64 0
4178 51 52 0
4179 54 55 4178
4180 57 64 4179
4181 51 58 0
4182 51 51 0
4183 53 54 4182
4184 52 64 0
4185 51 51 0
4186 52 52 0
4187 54 57 4186
4188 52 52 0
4189 53 59 0
4190 61 63 4189
4191 65 68 4190
4192 52 55 0
4193 57 91 4192
4194 52 52 0
4195 52 52 0
4196 54 54 0
4197 53 55 0
4198 53 55 0
4199 53 55 0
4200 52 52 0
4201 53 55 0
4202 60 60 0
4203 52 52 0
4204 52 52 0
4205 52 52 0
4206 54 58 4205
4207 53 55 0
4208 52 52 0
4209 54 54 4208
4210 52 52 0
4211 60 60 0
4212 53 53 0
4213 53 72 0
4214 58 58 0
4215 57 57 0
4216 52 52 0
4217 53 60 0
4218 62 63 4217
4219 53 56 0
4220 58 64 4219
4221 67 67 0
4222 53 63 0
4223 53 63 0
4224 52 52 0
4225 53 53 0
4226 53 55 0
4227 52 52 0
4228 54 57 4227
4229 59 62 4228
4230 52 53 0
4231 55 56 4230
4232 58 59 4231
4233 53 53 0
4234 53 58 0
4235 52 54 0
4236 56 56 4235
4237 58 60 4236
4238 62 68 4237
4239 57 57 0
4240 52 52 0
4241 52 52 0
4242 53 54 0
4243 52 53 0
4244 55 62 4243
4245 54 54 0
4246 53 59 0
4247 53 55 0
4248 53 53 0
4249 55 71 4248
4250 73 91 4249
4251 53 53 0
4252 53 53 0
4253 55 66 4252
4254 53 53 0
4255 53 55 0
4256 57 60 4255
4257 62 68 4256
4258 70 84 4257
4259 54 57 0
4260 59 66 4259
4261 68 80 4260
4262 53 56 0
4263 53 59 0
4264 61 63 4263
4265 54 54 0
4266 54 76 0
4267 54 54 0
4268 53 53 0
4269 53 58 0
4270 54 54 0
4271 53 53 0
4272 53 53 0
4273 55 55 4272
4274 53 53 0
4275 63 63 0
4276 54 59 0
4277 53 58 0
4278 60 62 4277
4279 64 66 4278
4280 54 62 0
4281 64 73 4280
4282 53 54 0
4283 56 56 4282
4284 58 61 4283
4285 63 67 4284
4286 54 77 0
4287 53 53 0
4288 53 58 0
4289 60 69 4288
4290 71 89 4289
4291 54 58 0
4292 53 53 0
4293 54 62 0
4294 53 53 0
4295 59 59 0
4296 54 59 0
4297 54 54 0
4298 54 57 0
4299 59 61 4298
4300 63 70 4299
4301 72 79 4300
4302 81 91 4301
4303 54 54 0
4304 54 91 0
4305 55 55 0
4306 55 57 0
4307 59 70 4306
4308 55 55 0
4309 54 54 0
4310 55 59 0
4311 61 68 4310
4312 55 57 0
4313 55 62 0
4314 55 55 0
4315 59 59 0
4316 54 54 0
4317 55 72 0
4318 55 62 0
4319 55 56 0
4320 58 71 4319
4321 55 56 0
4322 58 77 4321
4323 58 58 0
4324 54 55 0
4325 57 62 4324
4326 54 58 0
4327 60 65 4326
4328 67 76 4327
4329 78 82 4328
4330 54 54 0
4331 55 77 0
4332 55 55 0
4333 54 59 0
4334 62 77 4333
4335 54 57 0
4336 60 67 4335
4337 56 56 0
4338 56 56 0
4339 56 56 0
4340 54 56 0
4341 58 62 4340
4342 54 67 0
4343 69 91 4342
4344 54 54 0
4345 56 57 4344
4346 54 63 0
4347 65 69 4346
4348 71 76 4347
4349 54 54 0
4350 54 70 0
4351 72 73 4350
4352 54 61 0
4353 54 57 0
4354 60 67 4353
4355 55 64 0
4356 55 57 0
4357 59 61 4356
4358 54 54 0
4359 57 74 4358
4360 55 55 0
4361 66 66 0
4362 55 59 0
4363 61 68 4362
4364 54 54 0
4365 54 57 0
4366 59 62 4365
4367 54 54 0
4368 57 59 4367
4369 61 66 4368
4370 54 54 0
4371 58 58 0
4372 55 55 0
4373 58 58 0
4374 55 60 0
4375 62 69 4374
4376 71 76 4375
4377 55 55 0
4378 56 57 0
4379 59 71 4378
4380 55 61 0
4381 63 68 4380
4382 56 60 0
4383 55 55 0
4384 56 58 0
4385 55 55 0
4386 57 60 4385
4387 62 72 4386
4388 59 59 0
4389 55 55 0
4390 57 57 4389
4391 59 66 4390
4392 56 57 0
4393 59 73 4392
4394 75 76 4393
4395 78 91 4394
4396 55 79 0
4397 81 85 4396
4398 87 88 4397
4399 90 91 4398
4400 55 55 0
4401 55 63 0
4402 56 56 0
4403 56 56 0
4404 58 60 4403
4405 57 57 0
4406 56 56 0
4407 61 61 0
4408 55 55 0
4409 57 58 4408
4410 60 64 4409
4411 66 68 4410
4412 55 57 0
4413 59 65 4412
4414 56 56 0
4415 56 57 0
4416 57 58 0
4417 65 65 0
4418 56 56 0
4419 56 56 0
4420 62 62 0
4421 57 63 0
4422 56 59 0
4423 57 60 0
4424 56 58 0
4425 60 62 4424
4426 56 57 0
4427 56 56 0
4428 69 69 0
4429 57 60 0
4430 62 66 4429
4431 68 74 4430
4432 76 81 4431
4433 83 91 4432
4434 56 57 0
4435 59 59 4434
4436 60 60 0
4437 57 60 0
4438 56 56 0
4439 56 62 0
4440 64 88 4439
4441 56 57 0
4442 59 60 4441
4443 57 58 0
4444 60 79 4443
4445 81 86 4444
4446 58 58 0
4447 57 57 0
4448 56 56 0
4449 56 56 0
4450 65 65 0
4451 56 56 0
4452 56 56 0
4453 61 61 0
4454 57 57 0
4455 56 91 0
4456 58 62 0
4457 57 75 0
4458 77 77 4457
4459 58 62 0
4460 57 57 0
4461 57 64 0
4462 67 79 4461
4463 57 58 0
4464 60 64 4463
4465 57 61 0
4466 63 67 4465
4467 69 76 4466
4468 58 58 0
4469 57 61 0
4470 63 77 4469
4471 57 57 0
4472 59 59 4471
4473 57 91 0
4474 57 63 0
4475 65 71 4474
4476 73 82 4475
4477 84 85 4476
4478 87 88 4477
4479 58 58 0
4480 57 59 0
4481 57 57 0
4482 75 75 0
4483 57 59 0
4484 61 62 4483
4485 57 62 0
4486 58 66 0
4487 68 78 4486
4488 57 65 0
4489 67 81 4488
4490 58 59 0
4491 61 72 4490
4492 57 57 0
4493 59 68 4492
4494 58 58 0
4495 60 62 4494
4496 59 59 0
4497 57 57 0
4498 58 60 0
4499 62 65 4498
4500 57 60 0
4501 62 64 4500
4502 66 91 4501
4503 57 78 0
4504 80 84 4503
4505 58 58 0
4506 57 57 0
4507 57 57 0
4508 57 68 0
4509 70 91 4508
4510 58 58 0
4511 57 57 0
4512 58 60 0
4513 59 59 0
4514 61 62 4513
4515 59 72 0
4516 74 88 4515
4517 90 91 4516
4518 59 72 0
4519 58 62 0
4520 64 68 4519
4521 70 91 4520
4522 59 59 0
4523 58 58 0
4524 61 61 0
4525 58 68 0
4526 70 76 4525
4527 78 89 4526
4528 58 59 0
4529 58 61 0
4530 63 71 4529
4531 58 58 0
4532 59 59 0
4533 58 60 0
4534 62 66 4533
4535 68 77 4534
4536 79 81 4535
4537 83 90 4536
4538 59 65 0
4539 58 58 0
4540 59 66 0
4541 68 87 4540
4542 58 60 0
4543 62 62 4542
4544 58 60 0
4545 62 63 4544
4546 65 76 4545
4547 78 87 4546
4548 89 91 4547
4549 58 58 0
4550 60 70 4549
4551 59 59 0
4552 59 63 0
4553 65 66 4552
4554 58 58 0
4555 59 59 0
4556 58 58 0
4557 58 61 0
4558 58 66 0
4559 68 73 4558
4560 75 84 4559
4561 86 89 4560
4562 59 61 0
4563 63 91 4562
4564 59 59 0
4565 58 58 0
4566 59 59 0
4567 58 58 0
4568 58 60 0
4569 59 67 0
4570 62 62 0
4571 58 78 0
4572 80 91 4571
4573 60 65 0
4574 59 63 0
4575 59 60 0
4576 60 60 0
4577 59 59 0
4578 59 59 0
4579 60 60 0
4580 59 61 0
4581 63 74 4580
4582 64 64 0
4583 59 59 0
4584 62 66 4583
4585 68 87 4584
4586 89 91 4585
4587 60 60 0
4588 59 59 0
4589 61 66 4588
4590 68 79 4589
4591 60 60 0
4592 59 59 0
4593 60 60 0
4594 59 59 0
4595 59 59 0
4596 61 66 4595
4597 68 71 4596
4598 59 59 0
4599 59 60 0
4600 62 83 4599
4601 60 74 0
4602 60 60 0
4603 59 61 0
4604 63 65 4603
4605 67 73 4604
4606 59 59 0
4607 60 60 0
4608 59 59 0
4609 60 60 0
4610 59 59 0
4611 60 60 0
4612 59 71 0
4613 59 71 0
4614 65 65 0
4615 59 59 0
4616 59 59 0
4617 59 59 0
4618 59 60 0
4619 59 59 0
4620 62 62 0
4621 59 59 0
4622 61 63 4621
4623 59 66 0
4624 60 60 0
4625 60 69 0
4626 71 88 4625
4627 90 91 4626
4628 60 62 0
4629 59 59 0
4630 59 59 0
4631 59 59 0
4632 61 91 4631
4633 60 62 0
4634 59 63 0
4635 65 69 4634
4636 59 59 0
4637 59 60 0
4638 63 71 4637
4639 59 59 0
4640 59 59 0
4641 59 59 0
4642 64 64 0
4643 59 61 0
4644 64 65 4643
4645 67 86 4644
4646 88 89 4645
4647 60 82 0
4648 84 88 4647
4649 60 63 0
4650 65 69 4649
4651 61 71 0
4652 60 60 0
4653 61 83 0
4654 60 62 0
4655 64 66 4654
4656 68 91 4655
4657 60 60 0
4658 68 68 0
4659 60 61 0
4660 63 68 4659
4661 60 65 0
4662 67 73 4661
4663 75 87 4662
4664 60 67 0
4665 69 74 4664
4666 76 78 4665
4667 80 88 4666
4668 62 62 0
4669 60 64 0
4670 66 91 4669
4671 60 60 0
4672 60 60 0
4673 60 60 0
4674 62 62 4673
4675 64 67 4674
4676 66 66 0
4677 60 60 0
4678 60 60 0
4679 60 60 0
4680 60 65 0
4681 67 83 4680
4682 61 68 0
4683 70 74 4682
4684 76 79 4683
4685 81 82 4684
4686 62 62 0
4687 60 61 0
4688 64 67 4687
4689 60 60 0
4690 60 63 0
4691 65 86 4690
4692 88 91 4691
4693 61 72 0
4694 60 61 0
4695 63 85 4694
4696 61 61 0
4697 75 75 0
4698 72 72 0
4699 62 62 0
4700 61 66 0
4701 65 65 0
4702 60 65 0
4703 67 71 4702
4704 60 60 0
4705 60 84 0
4706 60 60 0
4707 60 60 0
4708 60 76 0
4709 78 85 4708
4710 61 67 0
4711 61 64 0
4712 61 61 0
4713 63 71 4712
4714 61 62 0
4715 61 72 0
4716 62 64 0
4717 61 63 0
4718 65 65 0
4719 61 62 0
4720 64 77 4719
4721 79 85 4720
4722 87 90 4721
4723 61 82 0
4724 84 85 4723
4725 61 61 0
4726 62 63 0
4727 65 67 4726
4728 61 65 0
4729 67 91 4728
4730 61 78 0
4731 61 68 0
4732 71 76 4731
4733 61 61 0
4734 68 68 0
4735 62 62 0
4736 71 71 0
4737 62 62 0
4738 61 61 0
4739 62 62 0
4740 69 69 0
4741 61 61 0
4742 62 63 0
4743 61 65 0
4744 67 69 4743
4745 71 84 4744
4746 86 91 4745
4747 61 63 0
4748 65 65 4747
4749 64 64 0
4750 61 61 0
4751 65 65 0
4752 62 65 0
4753 64 64 0
4754 62 62 0
4755 68 68 0
4756 64 64 0
4757 71 71 0
4758 64 64 0
4759 62 62 0
4760 63 73 0
4761 75 83 4760
4762 69 69 0
4763 62 63 0
4764 65 73 4763
4765 62 62 0
4766 63 65 0
4767 67 70 4766
4768 72 73 4767
4769 63 63 0
4770 62 70 0
4771 72 82 4770
4772 63 64 0
4773 65 65 0
4774 65 65 0
4775 62 71 0
4776 62 62 0
4777 64 64 4776
4778 63 63 0
4779 65 65 0
4780 62 62 0
4781 62 62 0
4782 63 74 0
4783 76 84 4782
4784 62 62 0
4785 65 67 4784
4786 63 63 0
4787 62 65 0
4788 67 67 4787
4789 64 64 0
4790 63 65 0
4791 67 75 4790
4792 62 66 0
4793 68 70 4792
4794 65 65 0
4795 62 62 0
4796 63 63 0
4797 65 68 4796
4798 70 82 4797
4799 62 63 0
4800 62 66 0
4801 68 68 4800
4802 70 72 4801
4803 74 80 4802
4804 62 62 0
4805 62 62 0
4806 64 88 4805
4807 63 68 0
4808 70 72 4807
4809 62 64 0
4810 66 71 4809
4811 73 82 4810
4812 84 91 4811
4813 62 69 0
4814 71 72 4813
4815 74 90 4814
4816 63 74 0
4817 76 77 4816
4818 79 88 4817
4819 62 64 0
4820 66 68 4819
4821 70 79 4820
4822 81 91 4821
4823 62 62 0
4824 64 64 0
4825 62 64 0
4826 66 75 4825
4827 77 77 4826
4828 79 91 4827
4829 63 64 0
4830 66 68 4829
4831 70 79 4830
4832 63 68 0
4833 70 80 4832
4834 70 70 0
4835 63 63 0
4836 63 90 0
4837 62 62 0
4838 62 62 0
4839 64 64 4838
4840 66 68 4839
4841 70 84 4840
4842 86 91 4841
4843 62 65 0
4844 67 72 4843
4845 63 63 0
4846 63 63 0
4847 62 63 0
4848 65 66 4847
4849 62 62 0
4850 62 64 0
4851 66 74 4850
4852 63 63 0
4853 62 62 0
4854 63 73 0
4855 62 64 0
4856 66 66 4855
4857 63 75 0
4858 62 62 0
4859 63 66 0
4860 63 83 0
4861 85 91 4860
4862 63 66 0
4863 68 91 4862
4864 62 63 0
4865 65 71 4864
4866 67 67 0
4867 63 72 0
4868 74 85 4867
4869 87 90 4868
4870 63 63 0
4871 63 64 0
4872 66 78 4871
4873 63 65 0
4874 67 73 4873
4875 75 76 4874
4876 63 79 0
4877 81 81 4876
4878 83 91 4877
4879 64 65 0
4880 64 65 0
4881 67 70 4880
4882 63 63 0
4883 63 66 0
4884 68 71 4883
4885 63 66 0
4886 68 69 4885
4887 71 71 4886
4888 73 79 4887
4889 63 63 0
4890 63 63 0
4891 63 63 0
4892 63 69 0
4893 71 77 4892
4894 63 63 0
4895 63 70 0
4896 72 72 4895
4897 74 80 4896
4898 63 75 0
4899 63 63 0
4900 63 66 0
4901 68 71 4900
4902 65 65 0
4903 63 64 0
4904 66 76 4903
4905 64 64 0
4906 64 64 0
4907 65 67 0
4908 64 64 0
4909 64 64 0
4910 64 64 0
4911 64 65 0
4912 67 88 4911
4913 90 91 4912
4914 65 66 0
4915 68 79 4914
4916 64 66 0
4917 68 78 4916
4918 81 84 4917
4919 86 91 4918
4920 64 66 0
4921 68 71 4920
4922 64 75 0
4923 77 78 4922
4924 64 91 0
4925 64 66 0
4926 68 85 4925
4927 87 88 4926
4928 90 91 4927
4929 64 64 0
4930 65 77 0
4931 79 84 4930
4932 68 68 0
4933 65 66 0
4934 64 65 0
4935 65 67 0
4936 64 77 0
4937 79 91 4936
4938 64 64 0
4939 64 66 0
4940 68 71 4939
4941 64 68 0
4942 70 80 4941
4943 67 67 0
4944 65 65 0
4945 67 67 0
4946 68 68 0
4947 64 64 0
4948 64 64 0
4949 66 71 4948
4950 64 64 0
4951 64 64 0
4952 66 77 4951
4953 64 65 0
4954 65 65 0
4955 64 64 0
4956 64 67 0
4957 64 64 0
4958 64 68 0
4959 64 67 0
4960 69 89 4959
4961 64 66 0
4962 64 65 0
4963 67 67 4962
4964 69 71 4963
4965 65 65 0
4966 66 70 0
4967 65 65 0
4968 65 70 0
4969 72 74 4968
4970 76 77 4969
4971 79 91 4970
4972 65 72 0
4973 74 83 4972
4974 85 91 4973
4975 66 66 0
4976 66 75 0
4977 77 91 4976
4978 66 66 0
4979 67 68 0
4980 68 68 0
4981 66 66 0
4982 69 69 0
4983 66 68 0
4984 65 70 0
4985 72 72 4984
4986 74 76 4985
4987 65 70 0
4988 72 77 4987
4989 79 90 4988
4990 66 66 0
4991 68 68 0
4992 65 66 0
4993 68 75 4992
4994 65 70 0
4995 72 91 4994
4996 67 74 0
4997 70 70 0
4998 65 66 0
4999 69 91 4998
5000 66 66 0
5001 65 65 0
5002 67 67 0
5003 66 78 0
5004 66 66 0
5005 65 72 0
5006 74 91 5005
5007 72 72 0
5008 66 85 0
5009 65 73 0
5010 75 80 5009
5011 66 76 0
5012 66 67 0
5013 69 78 5012
5014 80 91 5013
5015 67 67 0
5016 69 91 5015
5017 66 66 0
5018 67 67 0
5019 69 71 5018
5020 66 91 0
5021 65 65 0
5022 65 67 0
5023 69 69 5022
5024 71 74 5023
5025 76 78 5024
5026 80 86 5025
5027 66 66 0
5028 69 73 5027
5029 66 66 0
5030 66 75 0
5031 78 85 5030
5032 87 91 5031
5033 66 67 0
5034 66 66 0
5035 68 68 5034
5036 65 69 0
5037 71 91 5036
5038 66 68 0
5039 65 71 0
5040 65 72 0
5041 74 77 5040
5042 79 89 5041
5043 66 66 0
5044 65 65 0
5045 66 66 0
5046 65 65 0
5047 66 66 0
5048 66 84 0
5049 67 67 0
5050 66 67 0
5051 65 67 0
5052 66 71 0
5053 66 66 0
5054 66 66 0
5055 66 66 0
5056 68 68 5055
5057 70 80 5056
5058 66 77 0
5059 79 82 5058
5060 84 91 5059
5061 66 66 0
5062 68 68 5061
5063 70 71 5062
5064 67 67 0
5065 66 68 0
5066 70 91 5065
5067 66 68 0
5068 69 69 0
5069 65 68 0
5070 69 69 0
5071 67 68 0
5072 66 66 0
5073 68 71 5072
5074 73 76 5073
5075 65 65 0
5076 67 74 5075
5077 66 66 0
5078 66 66 0
5079 67 67 0
5080 67 67 0
5081 66 67 0
5082 66 76 0
5083 78 88 5082
5084 67 83 0
5085 66 67 0
5086 66 66 0
5087 67 67 0
5088 67 67 0
5089 65 65 0
5090 67 79 0
5091 66 68 0
5092 70 77 5091
5093 79 91 5092
5094 67 75 0
5095 67 72 0
5096 65 66 0
5097 68 68 5096
5098 67 71 0
5099 66 67 0
5100 67 67 0
5101 65 65 0
5102 66 66 0
5103 65 65 0
5104 65 65 0
5105 65 65 0
5106 65 66 0
5107 68 71 5106
5108 66 66 0
5109 65 66 0
5110 65 66 0
5111 65 66 0
5112 66 66 0
5113 66 66 0
5114 65 65 0
5115 65 65 0
5116 67 70 0
5117 72 73 5116
5118 75 81 5117
5119 67 68 0
5120 70 76 5119
5121 68 69 0
5122 67 69 0
5123 68 71 0
5124 73 78 5123
5125 80 81 5124
5126 83 91 5125
5127 67 70 0
5128 67 67 0
5129 68 71 0
5130 67 71 0
5131 73 73 5130
5132 68 89 0
5133 67 91 0
5134 68 79 0
5135 81 85 5134
5136 68 70 0
5137 67 67 0
5138 67 69 0
5139 72 75 5138
5140 69 76 0
5141 68 68 0
5142 73 73 0
5143 68 72 0
5144 74 79 5143
5145 81 86 5144
5146 67 76 0
5147 67 67 0
5148 68 76 0
5149 68 68 0
5150 72 72 0
5151 68 70 0
5152 72 91 5151
5153 68 69 0
5154 68 68 0
5155 67 68 0
5156 70 76 5155
5157 68 79 0
5158 81 88 5157
5159 69 69 0
5160 69 69 0
5161 69 77 0
5162 79 91 5161
5163 75 75 0
5164 68 75 0
5165 68 88 0
5166 69 73 0
5167 68 68 0
5168 69 69 0
5169 69 69 0
5170 68 68 0
5171 70 72 5170
5172 79 79 0
5173 68 68 0
5174 70 78 5173
5175 67 67 0
5176 67 67 0
5177 69 71 5176
5178 68 69 0
5179 71 83 5178
5180 71 71 0
5181 68 73 0
5182 75 91 5181
5183 69 84 0
5184 86 91 5183
5185 68 75 0
5186 67 69 0
5187 69 69 0
5188 72 72 0
5189 69 77 0
5190 67 70 0
5191 73 77 5190
5192 79 80 5191
5193 76 76 0
5194 67 74 0
5195 70 70 0
5196 69 70 0
5197 70 70 0
5198 68 70 0
5199 72 91 5198
5200 70 70 0
5201 67 67 0
5202 69 76 0
5203 68 68 0
5204 68 79 0
5205 81 83 5204
5206 68 68 0
5207 67 68 0
5208 70 70 5207
5209 72 73 5208
5210 67 67 0
5211 69 69 5210
5212 71 71 0
5213 67 91 0
5214 68 68 0
5215 67 68 0
5216 68 68 0
5217 68 68 0
5218 76 76 0
5219 70 70 0
5220 68 68 0
5221 77 77 0
5222 70 87 0
5223 89 91 5222
5224 69 69 0
5225 71 91 5224
5226 69 69 0
5227 69 69 0
5228 71 72 5227
5229 74 78 5228
5230 80 82 5229
5231 84 88 5230
5232 69 76 0
5233 70 86 0
5234 88 91 5233
5235 69 74 0
5236 76 78 5235
5237 69 69 0
5238 71 78 5237
5239 69 73 0
5240 69 71 0
5241 70 71 0
5242 70 73 0
5243 75 79 5242
5244 81 87 5243
5245 89 91 5244
5246 69 69 0
5247 71 71 5246
5248 69 70 0
5249 72 77 5248
5250 71 71 0
5251 69 74 0
5252 69 74 0
5253 76 80 5252
5254 82 91 5253
5255 72 91 0
5256 71 71 0
5257 73 79 5256
5258 81 82 5257
5259 71 76 0
5260 71 71 0
5261 73 79 5260
5262 81 91 5261
5263 70 70 0
5264 70 70 0
5265 70 70 0
5266 77 77 0
5267 71 74 0
5268 76 86 5267
5269 71 71 0
5270 71 74 0
5271 76 76 5270
5272 78 90 5271
5273 78 78 0
5274 72 77 0
5275 72 80 0
5276 71 79 0
5277 81 85 5276
5278 73 73 0
5279 75 79 5278
5280 71 71 0
5281 72 82 0
5282 73 73 0
5283 79 79 0
5284 73 78 0
5285 71 72 0
5286 74 77 5285
5287 79 91 5286
5288 72 72 0
5289 76 76 0
5290 75 75 0
5291 74 74 0
5292 73 73 0
5293 70 74 0
5294 76 77 5293
5295 71 71 0
5296 71 83 0
5297 72 77 0
5298 80 91 5297
5299 71 71 0
5300 73 90 0
5301 72 91 0
5302 71 74 0
5303 76 88 5302
5304 71 71 0
5305 73 88 5304
5306 71 82 0
5307 71 73 0
5308 75 75 5307
5309 77 91 5308
5310 74 74 0
5311 71 71 0
5312 71 76 0
5313 78 91 5312
5314 72 72 0
5315 77 77 0
5316 73 74 0
5317 76 81 5316
5318 83 84 5317
5319 73 73 0
5320 72 76 0
5321 78 86 5320
5322 75 75 0
5323 72 72 0
5324 73 75 0
5325 73 73 0
5326 71 78 0
5327 80 87 5326
5328 70 70 0
5329 77 77 0
5330 73 82 0
5331 73 73 0
5332 73 74 0
5333 76 91 5332
5334 73 79 0
5335 73 76 0
5336 78 80 5335
5337 72 73 0
5338 76 77 5337
5339 79 87 5338
5340 72 72 0
5341 72 72 0
5342 72 72 0
5343 74 76 5342
5344 78 85 5343
5345 71 73 0
5346 71 71 0
5347 71 82 0
5348 72 73 0
5349 72 72 0
5350 71 73 0
5351 75 78 5350
5352 80 81 5351
5353 83 91 5352
5354 71 74 0
5355 81 81 0
5356 72 88 0
5357 71 76 0
5358 72 74 0
5359 70 91 0
5360 72 72 0
5361 74 74 5360
5362 76 86 5361
5363 88 91 5362
5364 72 72 0
5365 72 72 0
5366 73 73 0
5367 73 73 0
5368 74 74 0
5369 70 75 0
5370 77 83 5369
5371 70 70 0
5372 73 73 0
5373 75 76 5372
5374 84 84 0
5375 70 73 0
5376 75 84 5375
5377 73 79 0
5378 73 73 0
5379 74 74 0
5380 71 71 0
5381 70 70 0
5382 72 79 5381
5383 71 75 0
5384 70 70 0
5385 72 84 5384
5386 71 88 0
5387 71 79 0
5388 72 86 0
5389 88 90 5388
5390 70 74 0
5391 76 76 5390
5392 78 82 5391
5393 71 78 0
5394 72 72 0
5395 83 83 0
5396 71 72 0
5397 76 76 0
5398 72 77 0
5399 71 71 0
5400 73 73 5399
5401 72 88 0
5402 90 91 5401
5403 70 75 0
5404 77 91 5403
5405 72 81 0
5406 71 71 0
5407 73 86 5406
5408 72 73 0
5409 75 76 5408
5410 72 73 0
5411 75 88 5410
5412 90 91 5411
5413 72 79 0
5414 72 72 0
5415 71 75 0
5416 72 72 0
5417 71 72 0
5418 74 91 5417
5419 71 74 0
5420 76 91 5419
5421 71 73 0
5422 75 75 0
5423 70 71 0
5424 73 76 5423
5425 76 76 0
5426 71 71 0
5427 71 72 0
5428 74 81 5427
5429 71 73 0
5430 75 76 5429
5431 73 88 0
5432 72 72 0
5433 74 89 5432
5434 73 89 0
5435 71 80 0
5436 72 72 0
5437 70 70 0
5438 72 76 0
5439 78 91 5438
5440 71 71 0
5441 79 79 0
5442 72 73 0
5443 76 81 5442
5444 70 70 0
5445 72 72 0
5446 70 81 0
5447 83 91 5446
5448 73 73 0
5449 71 73 0
5450 70 73 0
5451 75 81 5450
5452 83 88 5451
5453 90 91 5452
5454 70 71 0
5455 72 72 0
5456 70 70 0
5457 72 72 5456
5458 70 71 0
5459 74 84 5458
5460 71 72 0
5461 70 70 0
5462 70 70 0
5463 70 72 0
5464 75 79 5463
5465 81 84 5464
5466 86 91 5465
5467 71 72 0
5468 74 78 5467
5469 70 70 0
5470 71 71 0
5471 70 70 0
5472 73 82 5471
5473 84 91 5472
5474 70 70 0
5475 70 71 0
5476 71 71 0
5477 71 71 0
5478 70 70 0
5479 70 70 0
5480 70 72 0
5481 74 74 5480
5482 76 78 5481
5483 70 70 0
5484 70 72 0
5485 70 70 0
5486 72 72 5485
5487 71 71 0
5488 70 72 0
5489 73 77 0
5490 73 75 0
5491 78 79 5490
5492 77 77 0
5493 74 77 0
5494 73 77 0
5495 79 83 5494
5496 73 74 0
5497 74 74 0
5498 73 73 0
5499 73 75 0
5500 77 79 5499
5501 74 74 0
5502 74 84 0
5503 74 76 0
5504 73 79 0
5505 82 90 5504
5506 73 73 0
5507 73 73 0
5508 74 79 0
5509 81 81 0
5510 73 73 0
5511 73 73 0
5512 74 74 0
5513 73 86 0
5514 88 89 5513
5515 73 91 0
5516 73 73 0
5517 75 75 0
5518 74 75 0
5519 77 78 5518
5520 80 83 5519
5521 73 73 0
5522 73 73 0
5523 75 84 5522
5524 86 89 5523
5525 73 73 0
5526 75 76 5525
5527 76 76 0
5528 71 72 0
5529 74 75 5528
5530 77 90 5529
5531 76 76 0
5532 71 71 0
5533 74 80 5532
5534 72 72 0
5535 74 83 5534
5536 72 72 0
5537 74 88 5536
5538 71 72 0
5539 74 75 5538
5540 77 91 5539
5541 72 72 0
5542 71 71 0
5543 71 71 0
5544 71 71 0
5545 71 71 0
5546 71 71 0
5547 72 72 0
5548 74 79 5547
5549 81 82 5548
5550 72 72 0
5551 71 71 0
5552 71 71 0
5553 71 71 0
5554 72 72 0
5555 71 71 0
5556 71 72 0
5557 74 77 5556
5558 79 81 5557
5559 71 71 0
5560 75 81 0
5561 83 91 5560
5562 75 81 0
5563 83 88 5562
5564 74 77 0
5565 74 77 0
5566 74 79 0
5567 81 84 5566
5568 86 91 5567
5569 74 76 0
5570 78 79 5569
5571 81 83 5570
5572 74 74 0
5573 77 84 5572
5574 86 91 5573
5575 74 75 0
5576 77 84 5575
5577 74 74 0
5578 74 74 0
5579 75 84 0
5580 74 82 0
5581 74 83 0
5582 75 77 0
5583 79 82 5582
5584 84 85 5583
5585 87 88 5584
5586 74 76 0
5587 75 87 0
5588 74 74 0
5589 76 85 5588
5590 75 76 0
5591 74 79 0
5592 77 77 0
5593 74 74 0
5594 76 79 5593
5595 74 74 0
5596 75 91 0
5597 74 77 0
5598 79 87 5597
5599 74 74 0
5600 76 76 0
5601 80 80 0
5602 80 80 0
5603 75 78 0
5604 74 74 0
5605 74 74 0
5606 76 83 5605
5607 74 79 0
5608 76 85 0
5609 76 80 0
5610 76 76 0
5611 76 79 0
5612 75 78 0
5613 80 91 5612
5614 75 75 0
5615 76 77 0
5616 79 83 5615
5617 75 75 0
5618 77 77 5617
5619 79 89 5618
5620 75 81 0
5621 83 87 5620
5622 89 91 5621
5623 75 75 0
5624 75 75 0
5625 75 78 0
5626 80 89 5625
5627 75 75 0
5628 75 75 0
5629 75 75 0
5630 76 80 0
5631 75 84 0
5632 75 82 0
5633 84 91 5632
5634 75 85 0
5635 87 87 5634
5636 75 76 0
5637 78 81 5636
5638 83 91 5637
5639 75 75 0
5640 75 78 0
5641 80 80 5640
5642 82 87 5641
5643 75 77 0
5644 79 79 0
5645 75 75 0
5646 77 91 5645
5647 75 75 0
5648 75 75 0
5649 75 77 0
5650 76 76 0
5651 77 77 0
5652 82 82 0
5653 75 75 0
5654 75 80 0
5655 82 91 5654
5656 75 76 0
5657 78 87 5656
5658 75 77 0
5659 75 91 0
5660 75 75 0
5661 75 77 0
5662 79 88 5661
5663 90 91 5662
5664 75 75 0
5665 77 77 0
5666 77 78 0
5667 77 84 0
5668 76 81 0
5669 83 88 5668
5670 76 76 0
5671 78 78 5670
5672 76 76 0
5673 78 78 5672
5674 76 76 0
5675 78 78 5674
5676 76 81 0
5677 83 89 5676
5678 76 77 0
5679 80 84 5678
5680 76 81 0
5681 83 91 5680
5682 77 79 0
5683 78 78 0
5684 76 91 0
5685 76 76 0
5686 76 80 0
5687 82 84 5686
5688 86 89 5687
5689 77 79 0
5690 81 89 5689
5691 76 76 0
5692 77 81 0
5693 77 77 0
5694 76 78 0
5695 80 91 5694
5696 76 82 0
5697 84 91 5696
5698 85 85 0
5699 77 79 0
5700 81 91 5699
5701 76 91 0
5702 77 87 0
5703 77 84 0
5704 76 76 0
5705 78 84 5704
5706 76 77 0
5707 79 82 5706
5708 84 91 5707
5709 79 79 0
5710 76 78 0
5711 76 91 0
5712 83 83 0
5713 77 79 0
5714 81 87 5713
5715 89 91 5714
5716 76 76 0
5717 76 76 0
5718 76 76 0
5719 80 80 0
5720 77 82 0
5721 76 77 0
5722 79 86 5721
5723 88 91 5722
5724 77 91 0
5725 77 80 0
5726 77 77 0
5727 77 91 0
5728 84 84 0
5729 78 79 0
5730 78 78 0
5731 77 77 0
5732 79 79 0
5733 79 79 0
5734 77 77 0
5735 79 91 5734
5736 78 91 0
5737 77 89 0
5738 77 81 0
5739 83 84 5738
5740 78 83 0
5741 78 78 0
5742 77 77 0
5743 77 78 0
5744 78 81 0
5745 77 78 0
5746 80 91 5745
5747 77 81 0
5748 77 82 0
5749 84 91 5748
5750 77 77 0
5751 77 77 0
5752 78 78 0
5753 78 87 0
5754 89 91 5753
5755 77 81 0
5756 83 91 5755
5757 77 77 0
5758 79 82 5757
5759 77 77 0
5760 78 78 0
5761 78 79 0
5762 78 78 0
5763 78 80 0
5764 77 77 0
5765 77 91 0
5766 78 78 0
5767 78 79 0
5768 81 81 5767
5769 83 88 5768
5770 78 78 0
5771 78 78 0
5772 78 83 0
5773 85 90 5772
5774 79 84 0
5775 78 83 0
5776 85 91 5775
5777 78 79 0
5778 81 88 5777
5779 90 91 5778
5780 79 91 0
5781 78 88 0
5782 90 91 5781
5783 80 80 0
5784 78 78 0
5785 78 78 0
5786 78 82 0
5787 84 85 5786
5788 87 91 5787
5789 78 85 0
5790 79 91 0
5791 78 78 0
5792 79 80 0
5793 80 80 0
5794 78 78 0
5795 80 82 5794
5796 78 78 0
5797 81 81 0
5798 79 79 0
5799 80 80 0
5800 80 80 0
5801 78 78 0
5802 80 81 5801
5803 78 78 0
5804 80 91 5803
5805 78 78 0
5806 81 81 0
5807 79 91 0
5808 78 79 0
5809 82 90 5808
5810 79 84 0
5811 79 79 0
5812 79 79 0
5813 81 84 5812
5814 86 89 5813
5815 79 81 0
5816 83 91 5815
5817 79 80 0
5818 82 83 5817
5819 79 79 0
5820 80 80 0
5821 79 84 0
5822 86 91 5821
5823 81 81 0
5824 79 81 0
5825 83 86 5824
5826 88 91 5825
5827 79 79 0
5828 79 83 0
5829 80 80 0
5830 80 80 0
5831 79 79 0
5832 79 81 0
5833 83 91 5832
5834 80 84 0
5835 86 91 5834
5836 80 80 0
5837 79 80 0
5838 79 79 0
5839 79 83 0
5840 86 91 5839
5841 81 81 0
5842 79 82 0
5843 84 86 5842
5844 80 81 0
5845 83 86 5844
5846 80 80 0
5847 79 82 0
5848 84 87 5847
5849 89 91 5848
5850 79 80 0
5851 80 81 0
5852 83 83 5851
5853 80 91 0
5854 81 81 0
5855 80 80 0
5856 81 82 0
5857 84 84 0
5858 80 80 0
5859 81 86 0
5860 80 91 0
5861 81 82 0
5862 84 91 5861
5863 81 81 0
5864 80 80 0
5865 80 91 0
5866 80 85 0
5867 87 87 5866
5868 80 84 0
5869 80 81 0
5870 81 81 0
5871 80 85 0
5872 87 87 5871
5873 80 81 0
5874 83 91 5873
5875 88 88 0
5876 80 80 0
5877 80 81 0
5878 83 84 5877
5879 86 91 5878
5880 80 80 0
5881 80 85 0
5882 87 88 5881
5883 90 91 5882
5884 81 83 0
5885 80 80 0
5886 81 84 0
5887 80 80 0
5888 81 87 0
5889 89 91 5888
5890 81 83 0
5891 85 91 5890
5892 81 85 0
5893 87 88 5892
5894 86 86 0
5895 82 82 0
5896 81 81 0
5897 81 83 0
5898 85 91 5897
5899 81 81 0
5900 83 91 5899
5901 81 81 0
5902 81 81 0
5903 81 84 0
5904 86 87 5903
5905 89 91 5904
5906 82 82 0
5907 81 81 0
5908 81 81 0
5909 82 82 0
5910 81 81 0
5911 83 87 5910
5912 81 82 0
5913 84 87 5912
5914 89 90 5913
5915 81 81 0
5916 81 82 0
5917 84 88 5916
5918 81 81 0
5919 81 82 0
5920 84 87 5919
5921 89 91 5920
5922 81 81 0
5923 83 84 5922
5924 81 82 0
5925 84 87 5924
5926 81 88 0
5927 81 81 0
5928 81 81 0
5929 81 81 0
5930 82 87 0
5931 89 91 5930
5932 81 88 0
5933 81 81 0
5934 85 85 0
5935 81 83 0
5936 81 91 0
5937 81 81 0
5938 81 83 0
5939 81 81 0
5940 84 85 5939
5941 87 90 5940
5942 82 82 0
5943 82 91 0
5944 81 87 0
5945 89 91 5944
5946 82 85 0
5947 87 91 5946
5948 82 83 0
5949 86 86 0
5950 82 84 0
5951 82 85 0
5952 81 82 0
5953 84 89 5952
5954 82 86 0
5955 88 91 5954
5956 81 81 0
5957 81 90 0
5958 81 82 0
5959 84 91 5958
5960 81 82 0
5961 84 84 5960
5962 81 81 0
5963 83 84 5962
5964 82 82 0
5965 81 86 0
5966 88 91 5965
5967 83 87 0
5968 89 91 5967
5969 82 86 0
5970 84 84 0
5971 83 91 0
5972 83 83 0
5973 82 82 0
5974 82 84 0
5975 87 91 5974
5976 83 87 0
5977 83 83 0
5978 83 85 0
5979 82 91 0
5980 84 84 0
5981 83 85 0
5982 87 91 5981
5983 82 82 0
5984 82 87 0
5985 82 85 0
5986 87 91 5985
5987 83 83 0
5988 85 91 5987
5989 82 91 0
5990 82 82 0
5991 84 90 5990
5992 82 82 0
5993 83 83 0
5994 82 82 0
5995 83 83 0
5996 82 82 0
5997 83 84 0
5998 82 87 0
5999 89 91 5998
6000 82 82 0
6001 82 83 0
6002 82 91 0
6003 82 82 0
6004 87 87 0
6005 83 83 0
6006 85 87 6005
6007 89 91 6006
6008 82 83 0
6009 82 82 0
6010 82 82 0
6011 82 87 0
6012 89 91 6011
6013 82 83 0
6014 85 91 6013
6015 83 89 0
6016 84 86 0
6017 88 89 6016
6018 83 83 0
6019 83 91 0
6020 83 83 0
6021 83 87 0
6022 84 84 0
6023 83 91 0
6024 84 85 0
6025 87 88 6024
6026 83 84 0
6027 87 91 6026
6028 84 86 0
6029 83 86 0
6030 88 91 6029
6031 83 84 0
6032 86 87 6031
6033 89 91 6032
6034 83 83 0
6035 86 89 6034
6036 83 85 0
6037 87 91 6036
6038 86 86 0
6039 84 84 0
6040 83 83 0
6041 86 86 0
6042 83 84 0
6043 86 88 6042
6044 90 91 6043
6045 83 91 0
6046 83 83 0
6047 85 90 6046
6048 84 84 0
6049 83 83 0
6050 83 83 0
6051 85 85 6050
6052 87 89 6051
6053 84 88 0
6054 83 83 0
6055 84 87 0
6056 84 88 0
6057 84 91 0
6058 83 83 0
6059 83 84 0
6060 83 83 0
6061 84 84 0
6062 83 83 0
6063 84 84 0
6064 83 83 0
6065 84 87 0
6066 83 83 0
6067 83 84 0
6068 87 87 6067
6069 89 91 6068
6070 83 83 0
6071 85 91 6070
6072 84 90 0
6073 83 84 0
6074 86 88 6073
6075 84 88 0
6076 90 91 6075
6077 83 84 0
6078 83 83 0
6079 83 83 0
6080 85 87 6079
6081 83 88 0
6082 90 91 6081
6083 85 86 0
6084 88 91 6083
6085 84 84 0
6086 84 84 0
6087 85 86 0
6088 88 91 6087
6089 85 91 0
6090 84 86 0
6091 88 91 6090
6092 85 91 0
6093 85 88 0
6094 84 85 0
6095 88 90 6094
6096 85 91 0
6097 85 90 0
6098 84 84 0
6099 84 90 0
6100 86 86 0
6101 84 91 0
6102 84 84 0
6103 85 91 0
6104 84 84 0
6105 85 88 0
6106 85 91 0
6107 85 85 0
6108 84 84 0
6109 84 91 0
6110 88 88 0
6111 85 86 0
6112 84 89 0
6113 91 91 6112
6114 84 84 0
6115 86 91 6114
6116 84 84 0
6117 86 90 6116
6118 84 84 0
6119 84 86 0
6120 84 91 0
6121 84 86 0
6122 88 91 6121
6123 84 91 0
6124 84 84 0
6125 86 91 6124
6126 85 88 0
6127 85 91 0
6128 84 91 0
6129 84 91 0
6130 85 91 0
6131 85 85 0
6132 84 85 0
6133 84 84 0
6134 85 85 0
6135 85 91 0
6136 86 88 0
6137 90 91 6136
6138 85 85 0
6139 85 85 0
6140 85 85 0
6141 86 87 0
6142 85 87 0
6143 89 90 6142
6144 86 86 0
6145 89 89 0
6146 85 85 0
6147 85 85 0
6148 85 85 0
6149 85 86 0
6150 88 91 6149
6151 85 90 0
6152 86 87 0
6153 89 91 6152
6154 85 85 0
6155 85 87 0
6156 89 91 6155
6157 87 87 0
6158 85 85 0
6159 86 87 0
6160 89 91 6159
6161 86 90 0
6162 88 88 0
6163 87 87 0
6164 86 86 0
6165 88 91 6164
6166 86 86 0
6167 86 86 0
6168 88 88 0
6169 88 88 0
6170 88 91 0
6171 87 88 0
6172 91 91 6171
6173 87 90 0
6174 88 91 0
6175 87 87 0
6176 88 91 0
6177 88 91 0
6178 88 88 0
6179 87 88 0
6180 90 90 6179
6181 87 87 0
6182 87 88 0
6183 90 90 6182
6184 87 91 0
6185 87 87 0
6186 87 87 0
6187 90 90 0
6188 86 86 0
6189 87 87 0
6190 87 91 0
6191 86 91 0
6192 87 87 0
6193 88 91 0
6194 89 89 0
6195 87 91 0
6196 87 91 0
6197 86 86 0
6198 87 87 0
6199 87 88 0
6200 90 91 6199
6201 87 91 0
6202 87 91 0
6203 86 86 0
6204 87 91 0
6205 86 91 0
6206 87 87 0
6207 86 91 0
6208 87 90 0
6209 87 87 0
6210 87 91 0
6211 86 86 0
6212 87 91 0
6213 86 88 0
6214 90 91 6213
6215 86 86 0
6216 88 91 6215
6217 87 90 0
6218 86 89 0
6219 91 91 6218
6220 87 87 0
6221 87 87 0
6222 86 87 0
6223 89 91 6222
6224 87 91 0
6225 88 91 0
6226 87 90 0
6227 86 91 0
6228 86 91 0
6229 87 87 0
6230 88 88 0
6231 86 91 0
6232 87 87 0
6233 90 90 0
6234 87 91 0
6235 88 88 0
6236 86 91 0
6237 87 91 0
6238 86 87 0
6239 89 89 6238
6240 86 86 0
6241 87 89 0
6242 86 86 0
6243 88 91 6242
6244 87 89 0
6245 91 91 6244
6246 86 86 0
6247 87 87 0
6248 88 88 0
6249 87 87 0
6250 86 86 0
6251 86 86 0
6252 86 86 0
6253 86 87 0
6254 90 91 6253
6255 87 87 0
6256 86 87 0
6257 87 87 0
6258 89 90 6257
6259 87 87 0
6260 86 86 0
6261 86 87 0
6262 90 91 6261
6263 87 87 0
6264 86 86 0
6265 87 87 0
6266 87 87 0
6267 88 91 0
6268 90 90 0
6269 89 91 0
6270 89 91 0
6271 88 89 0
6272 89 91 0
6273 88 89 0
6274 88 88 0
6275 88 91 0
6276 88 89 0
6277 88 88 0
6278 88 88 0
6279 88 91 0
6280 90 90 0
6281 89 91 0
6282 90 90 0
6283 88 91 0
6284 89 89 0
6285 88 88 0
6286 89 91 0
6287 89 91 0
6288 88 88 0
6289 89 89 0
6290 89 89 0
6291 89 90 0
6292 88 89 0
6293 88 88 0
6294 90 91 6293
6295 88 88 0
6296 88 89 0
6297 91 91 6296
6298 88 88 0
6299 89 89 0
6300 88 89 0
6301 91 91 6300
6302 88 88 0
6303 89 89 0
6304 89 91 0
6305 89 89 0
6306 90 91 0
6307 89 89 0
6308 91 91 6307
6309 89 91 0
6310 89 91 0
6311 89 91 0
6312 90 90 0
6313 89 89 0
6314 91 91 6313
6315 89 91 0
6316 89 91 0
6317 89 91 0
6318 89 89 0
6319 90 90 0
6320 90 91 0
6321 90 91 0
6322 90 90 0
6323 89 89 0
6324 90 91 0
6325 89 89 0
6326 91 91 6325
6327 89 89 0
6328 90 91 0
6329 89 91 0
6330 89 89 0
6331 89 89 0
6332 89 91 0
6333 89 90 0
6334 90 91 0
6335 89 89 0
6336 90 91 0
6337 90 91 0
6338 89 89 0
6339 91 91 6338
6340 89 91 0
6341 90 90 0
6342 90 90 0
6343 90 91 0
6344 90 90 0
6345 91 91 0
6346 91 91 0
6347 90 91 0
6348 91 91 0
6349 90 90 0
6350 90 90 0
6351 90 91 0
6352 90 91 0
6353 90 90 0
6354 91 91 0
6355 91 91 0
6356 90 91 0
6357 91 91 0
6358 90 91 0
6359 90 90 0
6360 90 90 0
6361 90 90 0
6362 91 91 0
6363 90 90 0
6364 91 91 0
6365 90 90 0
6366 90 91 0
6367 91 91 0
6368 91 91 0
6369 90 91 0
6370 90 91 0
6371 90 91 0
